2025




        Elementhoogte in mm
                 Elementbreedte in mm




                   1000         1100    1200   1300   1400   1500   1600   1700   1800   1900   2000
       1000         1172         1210   1246   1282   1320   1356   1398   1432   1472   1510   1548

       1100        1186          1222   1258   1296   1334   1370   1412   1450   1490   1526   1568

       1200        1194          1234   1272   1312   1348   1388   1430   1468   1510   1546   1588

       1300        1206          1246   1284   1324   1364   1404   1446   1486   1526   1566   1610

       1400        1216          1256   1296   1340   1380   1420   1464   1502   1546   1586   1628

       1500        1230          1270   1312   1354   1392   1434   1478   1520   1562   1606   1650

       1600        1244          1284   1326   1368   1410   1452   1496   1538   1582   1624   1670

       1700        1252          1296   1340   1384   1426   1470   1512   1554   1600   1644   1690

       1800        1268          1312   1356   1400   1444   1488   1532   1576   1620   1664   1710

       1900        1278          1322   1368   1412   1458   1502   1546   1592   1636   1684   1732

       2000        1292          1340   1384   1430   1476   1520   1566   1612   1658   1706   1750

       2100        1304          1350   1398   1444   1490   1538   1584   1630   1676   1722   1772

       2200        1324          1370   1420   1468   1514   1560   1610   1656   1706   1752   1798

       2300        1334         1384    1432   1480   1526   1578   1626   1674   1720   1772   1820

       2400        1348         1398    1448   1498   1546   1596   1644   1694   1744   1794   1844

       2500        1362          1412   1464   1514   1564   1614   1666   1714   1766   1816   1866

       2600        1376          1428   1478   1532   1582   1632   1686   1736   1786   1840   1890

       2700        1388          1438   1492   1544   1596   1650   1700   1752   1806   1856   1910

       2800        1400          1452   1504   1558   1612   1664   1716   1772   1824   1874   1930

       2900        1410          1466   1518   1574   1626   1678   1734   1786   1842   1894   1950

       3000        1422          1476   1532   1586   1640   1696   1750   1806   1860   1916   1970

       3100        1434          1490   1546   1602   1658   1714   1772   1824   1878   1936   1994

       3200        1446          1502   1560   1618   1672   1730   1786   1844   1898   1954   2014

       3300        1458          1516   1574   1630   1688   1744   1802   1860   1918   1976   2030

       3400        1470          1526   1586   1644   1702   1762   1820   1876   1936   1996   2052

       3500        1478          1540   1598   1658   1716   1776   1838   1894   1954   2014   2074

                   1000         1100    1200   1300   1400   1500   1600   1700   1800   1900   2000




       272                    Prijslijst elementen
