                                                                                                      Plafonddeur
2025
                                                                                                      SILENTO



       SILENTO tot 3.500 mm dagmaat breedte incl. 2 handzender 4-kanaals


         Dagmaathoogte in mm

                           Dagmaatbreedte in mm

                    2000       2125     2250      2375   2500   2625    2750   2875   3000   3125   3250   3375   3500
          2000      2774       2816     2850      2886   2904   2968    3010   3044   3084   3120   3162   3202   3250   2000

          2125      2774       2816     2850      2886   2904   2968    3010   3044   3084   3120   3162   3202   3250   2125

          2250      2904       2948     2982      3038   3076   3120    3162   3194   3228   3262   3302   3346   3394   2250

          2375      3060       3104     3154      3194   3242   3286    3340   3378   3422   3460   3498   3544   3592   2375

          2500      3120       3168     3212      3258   3302   3346    3394   3438   3490   3524   3560   3606   3652   2500

          2625      3194       3242     3286      3340   3388   3428    3490   3532   3576   3612   3652   3726   3770   2625

          2750      3262       3320     3370      3422   3476   3524    3564   3622   3666   3720   3742   3832   3922   2750

          2875      3326       3378     3422      3476   3532   3582    3646   3680   3734   3770   3810   3916   4022   2875

          3000      3404       3454     3506      3560   3612   3666    3720   3770   3824   3894   3902   4022   4128   3000
                    2000       2125     2250      2375   2500   2625    2750   2875   3000   3125   3250   3375   3500




       SILENTO breder dan 3.500 mm dagmaat breedte met TopSlide-Assist TSA incl. 2 handzender 4-kanaals


         Dagmaathoogte in mm

                           Dagmaatbreedte in mm

                    3625       3750     3875      4000   4125   4250    4375   4500   4625   4750   4875   5000
             2000   3748       3824     3916      4030   4170   4254    4348   4430   4508   4582   4646   4710          2000

             2125   3748       3824     3916      4030   4170   4254    4348   4430   4508   4582   4646   4710          2125

             2250   3934       4038     4158      4264   4384   4460    4508   4618   4688   4770   4880   4992          2250

             2375   4120       4226     4336      4430   4572   4700    4812   4900   4968   5076                        2375

             2500   4210       4348     4446      4528   4734   4854    4992   5060   5144   5226                        2500

             2625   4364       4466     4590      4688   4838   4954                                                     2625

             2750   4528       4770     4864      4992   5060   5104                                                     2750

             2875   4726       4880                                                                                      2875

             3000   4830       5032                                                                                      3000
                    3625       3750     3875      4000   4125   4250    4375   4500   4625   4750   4875   5000




       SILENTO voldoet aan de garagedeuren-productnorm DIN EN 13241-1




       300                      Prijslijst elementen
