                                                         Opbouwscreens (Inbouw)
                                                         PURO 2.XR(K)-zip
                                                        PUR-hardschuimkast | Linksroller met geleider 33 x 61

                                                                                                                                                Motor




3100    3200    3300    3400    3500    3600    3700    3800   3900    4000    4100    4200    4300   4400    4500 4600   4700    4800   4900   5000
2212    2248    2290    2328    2370    2432    2472    2520   2556    2652    2758    2798    2842   2886    2928
                                                                                                                                                       1000
2252    2288    2330    2368     2410   2472    2512    2560   2596    2692    2798    2838    2882   2926    2968
2252    2292    2332    2376     2414   2482    2524    2564   2602    2702    2808    2854    2896   2940    2984
                                                                                                                                                       1100
2296    2336    2376    2420    2458    2526    2568    2608   2646    2746    2852    2898    2940   2984    3028
2294    2334    2378     2416   2460    2526    2568    2614   2654    2752    2860    2904    2946   2994    3036
                                                                                                                                                       1200
2342    2382    2426    2464    2508     2574   2616    2662   2702    2800    2908    2952    2994   3042    3084
2336    2378    2420    2464    2504    2572    2618    2658   2706    2800    2910    2954    3000   3048    3092
                                                                                                                                                       1300
2388    2430    2472     2516   2556    2624    2670    2710   2758    2852    2962    3006    3052   3100    3144
2376    2422    2464    2506    2552    2618    2666    2708   2752    2852    2962    3008    3052   3102    3146
                                                                                                                                                       1400
2432    2478    2520    2562    2608     2674   2722    2764   2808    2908    3018    3064    3108   3158    3202
2420    2464    2506    2554    2596    2666     2712   2758   2802    2902    3012    3060    3104   3152    3204
                                                                                                                                                       1500
2480    2524    2566    2614    2656    2726    2772    2818   2862    2962    3072    3120    3164   3212    3264
2462    2508    2552    2596    2642    2710    2758    2806   2852    2952    3064    3108    3160   3210    3256
                                                                                                                                                       1600
2526    2572    2616    2660    2706     2774   2822    2870   2916    3016    3128     3172   3224    3274   3320
2504    2550    2596    2642    2688    2758    2806    2854   2902    3000     3114   3164    3212   3260    3312
                                                                                                                                                       1700
2572    2618    2664    2710    2756    2826     2874   2922   2970    3068    3182    3232    3280   3328    3380




                                                                                                                                                              PURO 2.XR-zip/ PURO 2.XRK-zip
2546    2596    2640    2688    2734    2806    2854    2904   2950    3054    3166    3216    3264   3318    3366
                                                                                                                                                       1800
2618    2668     2712   2760    2806    2878    2926    2976   3022    3126    3238    3288    3336   3390    3438
2590    2636    2684    2730    2780    2852    2904    2948   3000    3104    3218    3264    3318   3370    3422
                                                                                                                                                       1900
2666     2712   2760    2806    2856    2928    2980    3024   3076    3180    3294    3340    3394   3446    3498
2630    2678    2726    2776    2824    2900    2948    3000   3050    3150    3270    3318    3372   3424     3474
                                                                                                                                                       2000
2710    2758    2806    2856    2904    2980    3028    3080   3130    3230    3350    3398    3452   3504    3554
 2674   2720    2772    2822    2872    2944    2996    3048   3098    3204    3320    3372    3424   3478    3528
                                                                                                                                                       2100
2758    2804    2856    2906    2956    3028    3080    3132   3182    3288    3404    3456    3508   3562    3612
 2714   2764    2816    2864    2916    2990    3044    3096   3146    3252    3370    3424    3476   3528    3586
                                                                                                                                                       2200
2802    2852    2904    2952    3004    3078    3132    3184   3234    3340    3458    3512    3564   3616    3674
2756    2808    2858    2910    2962    3038    3092    3144   3198    3302    3424     3474   3528   3586    3638
                                                                                                                                                       2300
2848    2900    2950    3002    3054    3130    3184    3236   3290    3394    3516    3566    3620   3678    3730
2798    2850    2906    2954    3006    3082    3140    3192   3246    3352    3472    3528    3582   3636    3694
                                                                                                                                                       2400
2894    2946    3002    3050    3102     3178   3236    3288   3342    3448    3568    3624    3678   3732    3790
2840    2896    2946    3000    3054    3130    3186    3240   3296    3404    3524    3580    3634   3692    3746
                                                                                                                                                       2500
2940    2996    3046    3100    3154    3230    3286    3340   3396    3504    3624    3680    3734   3792    3846
2882    2934    2992    3044    3098     3174   3234    3290   3344    3452    3576    3630    3688   3746    3804
                                                                                                                                                       2600
2986    3038    3096    3148    3202    3278    3338    3394   3448    3556    3680    3734    3792   3850    3908
2942    3000    3058     3110   3168    3224    3282    3336   3394    3504    3626    3682    3740   3802    3856
                                                                                                                                                       2700
3050    3108    3166    3218    3276    3332    3390    3444   3502    3612    3734    3790    3848   3910    3964
2988    3044    3100    3158    3214    3272    3326    3386   3440    3550    3676    3736    3790   3852    3912
                                                                                                                                                       2800
3100    3156    3212    3270    3326    3384    3438    3498   3552    3662    3788    3848    3902   3964    4024
3030    3086    3144    3204    3258    3316    3378    3434   3492    3604
                                                                                                                                                       2900
3146    3202    3260    3320    3374    3432    3494    3550   3608    3720
3126    3184    3242    3300    3360    3418    3478    3536   3594    3654
                                                                                                                                                       3000
3246    3304    3362    3420    3480    3538    3598    3656    3714    3774
3168    3228    3290    3346    3406    3462    3526    3586   3646    3702
                                                                                                                                                       3100
3292    3352     3414   3470    3530    3586    3650    3710   3770    3826
3210    3274    3328    3392    3450    3512    3572    3632   3692    3754
                                                                                                                                                       3200
3338    3402    3456    3520    3578    3640    3700    3760   3820    3882
3252    3314    3378    3436    3496    3556    3620    3682    3742   3806
                                                                                                                                                       3300
3384    3446    3510    3568    3628    3688    3752    3814   3874    3938
3294    3360    3418    3478    3540    3604    3670    3730   3792    3852
                                                                                                                                                       3400
3430    3496    3554    3614    3676    3740    3806    3866   3928    3988
3336    3396    3460    3524    3588    3652     3714   3780   3840    3906
                                                                                                                                                       3500
3476    3536    3600    3664    3728    3792    3854    3920   3980    4046
3428    3492    3558    3624    3688    3756    3826    3888   3956    4018
                                                                                                                                                       3600
3572    3636    3702    3768    3832    3900    3970    4032   4100    4162
3470    3536    3604    3668    3736    3800    3868    3938   4002    4070
                                                                                                                                                       3700
3618    3684    3752    3816    3884    3948    4016    4086    4150   4218
3100    3200    3300    3400    3500    3600    3700    3800   3900    4000    4100  4200
                                                                                  Motor met 4300  4400 4500 4600
                                                                                            hindernisherkenning           4700    4800   4900   5000
                                                                                        Optie 1: bedraad             -130,00/St.
                                                                                        Somfy Maestria 50 WT

                                                                                        Elero SunTop/Z, 23 omw/min   -130,00/St.
                                                                                         Optie 2: draadloos          0,00/St.
                                                                                        Somfy Maestria+ io,         Meerprijs
                                                                                                                     op basis
                                                                                        17 omw/min of Elero          prijslijst
                                                                                        SunTop/Z 868, 23 omw/min,
                                                                                        incl. 1 wandzender
                                                                                        Snelloop-motor Somfy         16,00/St.
                                                                                                                     Meerprijs
                                                                                        Maestria+ io, 32 omw/min,    op basis
                                                                                        incl. 1 wandzender           prijslijst

                                                                                        Geiger Funkmotor SOLIDline 124,00/St.
                                                                                        Zip AIR, zonder zender,    Meerprijs
                                                                                                                   op basis
                                                                                        LOXONE Smart Home System prijslijst

                                                                                                  Prijslijst elementen                                  267
