2025
                                         Z-lamellen                   S-lamellen


                                           ZL 81                        DBL 70


                                                                                                                Opmerking:
       Blauw: MODULO.P met ZL en DBL        .XP element berekening
       Zwart: MODULO.S met ZL en DBL                                                                            De prijzen hebben betrekking op elementen
                                                                                                                met io-motor. De prijs is inclusief roestvrijsta-
        Elementhoogte in mm
                                            Prijs MODULO.P + 5% - € 8,40                                        len schroeven, smoove io wandzender.
                    Elementbreedte in mm


                 800      900     1000     1100     1200     1300    1400       1500   1600     1700     1800      1900      2000      2100      2200      2300
         800    1096     1114     1134     1150     1166     1188    1208       1280   1302     1320     1338      1356      1374      1388      1406      1426
                 992     1004     1020     1028     1040     1052    1066       1130   1150     1160     1174      1186      1200      1212      1220      1236
         900    1108     1124     1144     1160     1178     1206    1220       1294   1320     1338     1358      1374      1394      1410      1426      1446
                1004     1018     1028     1040     1052     1066    1080       1144   1166     1178     1190      1206      1216      1230      1240      1252
        1000    1120     1140     1158     1176     1196     1218    1236       1310   1338     1356     1374      1394      1414      1430      1446      1468
                1018     1028     1040     1052     1066     1082    1094       1160   1180     1196     1210      1220      1234      1246      1258      1274
        1100    1140     1158     1178     1198     1214     1240    1258       1340   1366     1384     1404      1422      1442      1462      1480      1498
                1032     1046     1060     1076     1088     1100    1116       1186   1210     1220     1236      1248      1266      1276      1290      1304
        1200    1152     1172     1190     1210     1230     1254    1274       1358   1382     1402     1422      1442      1462      1480      1498      1518
                1046     1058     1076     1086     1100     1116    1130       1202   1228     1238     1252      1268      1282      1294      1308      1324
        1300    1172     1190     1212     1232     1250     1280    1296       1384   1414     1432     1452      1474      1492      1512      1534      1552
                1064     1080     1094     1108     1120     1138    1152       1230   1250     1268     1282      1296      1310      1328      1340      1356
        1400    1182     1206     1228     1244     1266     1292    1310       1402   1430     1450     1472      1490      1512      1534      1552      1572
                1078     1090     1106     1120     1136     1152    1162       1244   1270     1284     1300      1312      1330      1344      1360      1374
        1500    1198     1216     1238     1258     1280     1306    1328       1420   1446     1468     1490      1510      1532      1550      1570      1594
                1086     1100     1118     1136     1150     1162    1178       1264   1288     1300     1314      1332      1348      1362      1376      1394
        1600    1216     1236     1258     1280     1302     1330    1350       1446   1476     1494     1518      1540      1564      1582      1606      1628
                1106     1120     1140     1154     1170     1186    1202       1288   1310     1330     1344      1360      1376      1394      1406      1424
        1700    1230     1248     1272     1294     1312     1344    1364       1464   1492     1514     1538      1556      1582      1604      1624      1646
                1116     1136     1152     1166     1180     1200    1214       1304   1330     1344     1362      1376      1396      1414      1426      1444
        1800    1246     1270     1294     1312     1338     1366    1388       1492   1520     1544     1568      1590      1612      1634      1660      1680
                1138     1152     1170     1186     1206     1220    1236       1330   1358     1370     1388      1406      1424      1442      1456      1476
        1900    1258     1282     1306     1330     1352     1382    1402       1510   1540     1558     1584      1608      1632      1654      1676      1700
                1146     1162     1180     1200     1216     1234    1250       1348   1370     1388     1406      1424      1442      1460      1478      1494
        2000    1272     1294     1320     1342     1364     1396    1418       1528   1556     1578     1604      1626      1648      1672      1696      1720
                1158     1176     1196     1212     1230     1246    1266       1362   1388     1406     1424      1442      1460      1478      1494      1512
        2100    1292     1312     1340     1364     1386     1418    1442       1554   1584     1608     1632      1660      1682      1704      1728      1754
                1176     1196     1214     1232     1248     1270    1288       1388   1418     1434     1452      1474      1490      1508      1526      1546
        2200    1304     1328     1356     1376     1400     1432    1454       1572   1604     1626     1650      1676      1700      1726      1748      1772
                1188     1208     1228     1244     1264     1282    1302       1404   1432     1450     1472      1490      1508      1528      1546      1566
        2300    1314     1340     1366     1388     1416     1446    1472       1586   1620     1642     1670      1694      1720      1742      1768      1794
                1202     1218     1238     1254     1276     1296    1312       1422   1450     1468     1488      1508      1526      1546      1564      1582
        2400    1334     1360     1386     1414     1436     1472    1494       1614   1646     1672     1700      1726      1752      1776      1800      1828
                1218     1236     1258     1276     1296     1314    1338       1446   1478     1494     1514      1536      1554      1574      1596      1614
        2500    1348     1370     1400     1424     1450     1482    1508       1632   1666     1690     1718      1742      1770      1796      1820      1848
                1232     1248     1272     1290     1308     1332    1350       1464   1492     1512     1534      1552      1572      1594      1612      1632
        2600    1366     1394     1420     1446     1474     1508    1534       1662   1696     1720     1748      1772      1802      1828      1852      1882
                1248     1270     1292     1310     1332     1352    1370       1490   1518     1540     1564      1582      1606      1626      1644      1666
        2700    1404     1432     1464     1492     1520     1556    1586       1724   1758     1790     1818      1848      1878      1908      1938      1968
                1264     1282     1304     1324     1344     1366    1386       1508   1538     1556     1578      1602      1624      1642      1664      1686
        2800    1418     1444     1478     1508     1536     1572    1604       1738   1776     1808     1838      1868      1896      1930      1956      1990
                1272     1294     1314     1338     1358     1380    1400       1520   1552     1574     1600      1618      1640      1662      1680      1702
        2900    1434     1464     1496     1528     1556     1596    1626       1768   1808     1834     1868      1894      1930      1960      1990      2022
                1292     1310     1334     1358     1380     1402    1422       1550   1578     1604     1626      1644      1670      1690      1712      1736
        3000    1446     1478     1510     1544     1572     1610    1640       1782   1822     1852     1886      1914      1948      1978      2008      2040
                1302     1324     1348     1368     1394     1416    1436       1566   1600     1618     1642      1664      1688      1706      1732      1754
        3100    1468     1496     1534     1564     1594     1632    1664       1814   1850     1882     1914      1946      1978      2010      2040      2076
                1320     1342     1366     1388     1414     1436    1460       1594   1624     1644     1670      1694      1718      1740      1762      1784
        3200    1480     1510     1546     1574     1608     1646    1678       1828   1870     1896     1934      1966      2000      2032      2062      2096
                1332     1356     1380     1402     1424     1450    1474       1608   1640     1664     1688      1708      1736      1758      1780      1808
        3300    1492     1520     1556     1590     1624     1662    1694       1846   1886     1916     1950      1982      2016      2046      2082      2116
                1344     1366     1394     1416     1436     1462    1488       1624   1660     1680     1704      1728      1754      1776      1798      1822
        3400    1510     1544     1576     1610     1642     1682    1716       1874   1912     1946     1980      2014      2046      2082      2114      2150
                1362     1386     1414     1434     1460     1484    1508       1648   1682     1706     1734      1758      1782      1808      1830      1856
        3500    1520     1556     1594     1626     1660     1698    1732       1890   1932     1964     2000      2034      2070      2100      2134      2168
                1374     1398     1424     1446     1474     1496    1520       1666   1700     1726     1752      1772      1800      1822      1848      1874
        3600    1544     1574     1612     1644     1680     1720    1756       1916   1962     1996     2028      2064      2098      2134      2166      2204
                1394     1418     1442     1468     1492     1518    1546       1694   1728     1754     1778      1802      1830      1856      1878      1906
        3700    1554     1590     1626     1662     1694     1736    1768       1938   1978     2010     2046      2082      2120      2152      2188      2222
                1404     1430     1454     1480     1508     1534    1556       1706   1742     1768     1796      1820      1848      1874      1896      1926
        3800    1568     1604     1638     1672     1706     1752    1782       1952   1998     2028     2066      2100      2136      2170      2208      2242
                1416     1442     1468     1494     1518     1548    1572       1726   1760     1784     1814      1838      1868      1890      1914      1944
        3900    1586     1624     1662     1696     1732     1772    1810       1980   2024     2060     2096      2132      2168      2206      2240      2278
                1434     1460     1488     1514     1540     1568    1596       1752   1790     1814     1840      1870      1894      1922      1948      1976
        4000    1602     1634     1672     1706     1742     1784    1820       2000   2040     2076     2114      2150      2188      2224      2260      2298
                1444     1474     1498     1528     1552     1582    1608       1768   1802     1830     1858      1886      1912      1940      1966      1996
        4100    1612     1646     1686     1720     1758     1800    1834       2016   2060     2094     2132      2168      2208      2242      2280      2318
                1456     1484     1512     1540     1566     1596    1624       1782   1820     1846     1876      1904      1932      1960      1982      2014
        4200    1630     1668     1704     1742     1778     1822    1862       2042   2086     2126     2160      2200      2236      2276      2310      2348
                1476     1502     1534     1558     1586     1614    1642       1812   1846     1874     1904      1932      1962      1990      2016      2042
        4300    1642     1680     1720     1756     1794     1838    1874       2062   2102     2140     2180      2216      2258      2296      2330      2370
                1488     1514     1546     1572     1602     1630    1660       1826   1864     1890     1922      1948      1978      2006      2034      2064
        4400    1664     1700     1740     1778     1816     1862    1896       2090   2134     2170     2212      2250      2288      2328      2364      2460
                1504     1534     1564     1594     1620     1648    1680       1850   1890     1916     1948      1978      2008      2036      2066      2150
        4500    1676     1712     1754     1792     1828     1874    1912       2102   2152     2190     2228      2268      2306      2344      2382      2480
                1516     1546     1574     1606     1634     1666    1694       1870   1906     1938     1966      1998      2026      2056      2084      2166
                 800      900     1000     1100     1200     1300    1400       1500   1600     1700     1800      1900      2000      2100      2200      2300

               Meer- en minderprijzen voor extra’s                                 Meer- en minderprijzen voor extra’s
               Somfy funky J4 io incl. wandzender.                    0,00/E       Elero JA (mechanische motor) bedraad incl.               -168,00/E
               Somfy RTS of Elero 868 met Elero JA                    0,00/E       schakelaar. Minderprijs
               (Mechanische motor) incl. wandzender.                               Aandrijfcombi van 2 elementen met 1 motor J4 io        -298,20/St.
               Somfy funky J4 io excl. wandzender. Minderprijs      -35,20/E       inclusief wandzender
                                                                                   Kastkoppeling van 2 elementen (per koppeling).             18,20/St.
               Somfy J4 WT (elektronische motor) bedraad incl.      -150,40/E
       174                                                                         Meerprijs
               schakelaar. Minderprijs
