                                         Z-lamellen                    S-lamellen               Gekraalde lamellen               Gekraalde lamellen
2025
                                          ZL 81                    DBL 70 / DBL 85                        GL 85                          GL 60




       Blauw: Elementprijs met GL/FL
       Zwart: Elementprijs met ZL/DBL                                                        2500 mm                              3000 mm
        Elementhoogte in mm                                                                  1 x windzekering                     1 x windzekering bij ZL,
                   Elementbreedte in mm                                                      bij FL (staaldraad) vereist          DBL en GL vereist

            1000    1100   1200   1300    1400    1500   1600   1700   1800   1900   2000   2100   2200    2300 2400   2500 2600 2700 2800 2900 3000
             862     876    884    892     910     930    938    952    962    966    974    982    988     994 1028   1036 1038 1050 1056 1060 1074
       1000
             932     946    956    964     984    1006   1014   1030   1042   1046   1054   1064   1070    1076 1114   1122 1124 1138 1144 1150 1164
             876     892    902    910     920     952    962    966    974    984    988    998   1006    1020 1046   1050 1062 1074 1082 1088 1096
       1100
             946     964    976    984     996    1030   1042   1046   1054   1066   1070   1080   1090    1106 1134   1138 1152 1164 1174 1180 1188
             892     906    912    922     934     970    976    984    992    998   1012   1022   1030    1038 1060   1072 1088 1094 1104 1112 1116
       1200
             964     980    986    998    1010    1050   1056   1066   1074   1080   1096   1108   1116    1124 1150   1162 1180 1186 1198 1206 1210
             906     920    932    942     956     982    988   1002   1012   1022   1030   1040   1050    1054 1088   1094 1106 1114 1124 1134 1142
       1300
             980     996   1008   1020    1034    1064   1070   1086   1096   1108   1116   1128   1138    1142 1180   1186 1200 1208 1220 1230 1240
             914     930    942    954     968     994   1006   1018   1026   1030   1040   1050   1060    1076 1096   1108 1124 1130 1142 1150 1160
       1400
             988    1006   1020   1032    1048    1076   1090   1102   1112   1116   1128   1138   1150    1166 1188   1202 1220 1226 1240 1248 1260
             942     958    968    976     988    1016   1024   1038   1052   1058   1072   1080   1092    1100 1142   1150 1162 1170 1180 1194 1208
       1500
            1020    1036   1048   1056    1070    1100   1110   1124   1140   1146   1162   1172   1184    1194 1240   1248 1262 1270 1282 1296 1312
             956     968    980    990    1012    1028   1038   1046   1058   1072   1080   1092   1100    1112 1160   1168 1182 1196 1208 1216 1228
       1600
            1034    1048   1062   1072    1096    1114   1124   1134   1146   1162   1172   1184   1194    1206 1260   1268 1284 1298 1312 1320 1334
             964     980    988    994    1022    1036   1046   1056   1062   1076   1088   1096   1106    1120 1182   1196 1208 1218 1228 1236 1254
       1700
            1044    1062   1070   1076    1108    1122   1134   1144   1152   1166   1180   1188   1200    1216 1284   1298 1312 1322 1334 1342 1362
             970     982    992   1002    1026    1050   1058   1074   1082   1092   1106   1120   1130    1142 1204   1214 1228 1244 1256 1266 1278
       1800
            1050    1064   1074   1086    1112    1138   1146   1164   1174   1184   1200   1216   1226    1240 1308   1318 1334 1352 1364 1376 1388
             974     988   1000   1010    1034    1060   1076   1086   1098   1112   1120   1134   1142    1156 1218   1234 1246 1258 1268 1280 1288
       1900
            1054    1070   1084   1094    1120    1150   1166   1178   1190   1206   1216   1230   1240    1254 1322   1340 1354 1366 1378 1392 1400
             980     992   1002   1018    1042    1078   1092   1098   1114   1128   1142   1150   1162    1176 1238   1254 1268 1280 1288 1300 1316
       2000
            1062    1074   1086   1102    1130    1168   1184   1190   1208   1224   1240   1248   1262    1276 1344   1362 1378 1392 1400 1414 1430
             982    1000   1012   1026    1046    1096   1106   1116   1134   1146   1158   1168   1180    1198 1262   1274 1290 1300 1316 1326 1338
       2100
            1064    1084   1096   1112    1134    1188   1200   1210   1230   1244   1256   1268   1282    1300 1372   1384 1402 1414 1430 1442 1454
             988    1006   1016   1030    1056    1112   1124   1138   1148   1160   1170   1182   1198    1212 1274   1286 1308 1322 1336 1348 1356
       2200
            1070    1090   1100   1116    1144    1206   1220   1234   1246   1260   1270   1284   1300    1316 1384   1398 1422 1438 1452 1466 1474
            1000    1018   1028   1040    1072    1120   1134   1148   1160   1170   1182   1202   1214    1226 1298   1314 1326 1338 1352 1362 1378
       2300
            1084    1102   1114   1128    1162    1216   1230   1246   1260   1270   1284   1306   1318    1332 1410   1428 1442 1454 1470 1482 1498
            1036    1050   1060   1076    1096    1162   1176   1192   1202   1216   1228   1244   1256    1270 1338   1354 1372 1386 1398 1410 1422
       2400
            1122    1138   1150   1166    1188    1262   1276   1294   1306   1320   1334   1352   1364    1380 1454   1472 1492 1508 1520 1534 1548
            1042    1060   1076   1088    1106    1170   1192   1208   1218   1232   1244   1258   1270    1288 1356   1368 1388 1402 1414 1430 1446
       2500
            1130    1150   1166   1180    1200    1270   1294   1312   1322   1338   1352   1366   1380    1400 1474   1488 1510 1526 1538 1556 1574
            1058    1076   1092   1104    1124    1196   1212   1222   1234   1248   1262   1280   1296    1314 1386   1396 1414 1430 1444 1458 1472
       2600
            1146    1166   1184   1198    1220    1298   1316   1328   1340   1356   1372   1392   1408    1428 1508   1518 1538 1556 1572 1586 1602
            1072    1088   1106   1116    1138    1204   1222   1234   1254   1268   1280   1296   1308    1324 1396   1410 1430 1444 1458 1472 1484
       2700
            1162    1180   1200   1210    1234    1308   1328   1340   1362   1378   1392   1408   1422    1440 1518   1534 1556 1572 1586 1602 1616
            1082    1098   1114   1128    1150    1218   1234   1246   1266   1280   1296   1314   1324    1338 1408   1422 1446 1464 1476 1492 1508
       2800
            1174    1190   1208   1224    1248    1322   1340   1354   1376   1392   1408   1428   1440    1454 1532   1548 1574 1594 1606 1624 1642
            1096    1116   1134   1148    1166    1236   1254   1268   1286   1298   1316   1332   1344    1358 1438   1456 1474 1486 1506 1518 1534
       2900
            1188    1210   1230   1246    1266    1342   1362   1378   1398   1410   1430   1448   1462    1476 1564   1584 1604 1618 1640 1652 1670
            1106    1130   1146   1160    1178    1248   1268   1282   1298   1316   1334   1348   1362    1378 1454   1466 1492 1508 1520 1536 1598
       3000
            1200    1226   1244   1260    1278    1356   1378   1394   1410   1430   1450   1466   1482    1498 1582   1596 1624 1642 1656 1672 1740
            1120    1142   1158   1170    1194    1266   1280   1300   1318   1334   1352   1366   1380    1396 1476   1494 1514 1528 1542 1606 1624
       3100
            1216    1240   1256   1270    1296    1376   1392   1414   1432   1450   1470   1486   1502    1518 1606   1626 1648 1664 1680 1750 1770
            1130    1150   1166   1180    1208    1282   1298   1318   1334   1348   1362   1378   1398    1414 1494   1510 1530 1548 1612 1630 1644
       3200
            1226    1248   1266   1282    1312    1394   1410   1432   1450   1466   1482   1498   1520    1538 1626   1644 1666 1686 1756 1776 1792
            1146    1166   1180   1198    1218    1290   1308   1332   1348   1366   1380   1396   1414    1430 1510   1526 1548 1612 1626 1640 1668
       3300
            1244    1266   1282   1300    1322    1402   1422   1448   1466   1486   1502   1518   1538    1556 1644   1662 1686 1756 1772 1788 1818
            1180    1202   1218   1234    1258    1336   1354   1368   1386   1402   1416   1438   1458    1476 1552   1572 1638 1654 1674 1694 1710
       3400
            1282    1306   1322   1340    1366    1452   1472   1488   1508   1526   1540   1564   1586    1606 1690   1712 1784 1802 1824 1846 1864
            1196    1216   1232   1248    1270    1348   1368   1388   1402   1420   1438   1456   1472    1492 1574   1638 1658 1678 1694 1712 1732
       3500
            1298    1320   1338   1356    1380    1466   1488   1510   1526   1546   1564   1584   1602    1624 1714   1784 1806 1828 1846 1866 1888
            1204    1228   1246   1266    1286    1366   1380   1398   1416   1438   1458   1478   1494    1514 1640   1658 1684 1704 1718 1738 1758
       3600
            1308    1334   1354   1376    1398    1486   1502   1520   1540   1564   1586   1608   1626    1648 1788   1806 1836 1858 1872 1894 1916
            1216    1236   1256   1274    1296    1378   1396   1410   1438   1454   1472   1486   1508    1572 1656   1678 1702 1718 1736 1756 1770
       3700
            1320    1342   1364   1384    1408    1498   1518   1534   1564   1582   1602   1618   1642    1712 1804   1828 1856 1872 1892 1914 1930
            1232    1254   1274   1296    1318    1398   1414   1432   1454   1474   1494   1514   1578    1596 1684   1702 1722 1742 1760 1778 1798
       3800
            1338    1362   1384   1408    1432    1520   1538   1558   1582   1604   1626   1648   1718    1738 1836   1856 1878 1900 1920 1938 1960
            1244    1268   1288   1308    1332    1410   1430   1454   1474   1492   1510   1528   1598    1616 1704   1722 1742 1760 1778 1802 1824
       3900
            1352    1378   1400   1422    1448    1534   1556   1582   1604   1624   1644   1664   1740    1760 1858   1878 1900 1920 1938 1966 1990
            1258    1280   1298   1326    1348    1430   1450   1472   1486   1510   1528   1596   1614    1634 1722   1738 1766 1788 1802 1826 1844
       4000
            1366    1392   1410   1442    1466    1556   1578   1602   1618   1644   1664   1738   1758    1780 1878   1894 1926 1950 1966 1992 2012
            1274    1296   1316   1336    1356    1444   1462   1482   1500   1520   1586   1606   1626    1648 1736   1758 1780 1800 1822 1842 1862
       4100
            1384    1408   1430   1452    1474    1572   1592   1614   1634   1656   1728   1750   1772    1796 1892   1916 1942 1964 1988 2010 2032
            1282    1308   1326   1348    1372    1458   1478   1498   1518   1536   1604   1630   1648    1670 1758   1776 1800 1822 1846 1868 1886
       4200
            1394    1422   1442   1466    1492    1586   1608   1630   1652   1672   1748   1776   1796    1820 1916   1936 1964 1988 2014 2038 2058
            1322    1342   1362   1380    1406    1492   1514   1536   1554   1630   1648   1670   1690    1712 1802   1824 1846 1864 1886 1910 1932
       4300
            1438    1460   1482   1502    1530    1624   1648   1672   1692   1776   1796   1820   1842    1866 1966   1990 2014 2034 2058 2084 2108
            1332    1354   1378   1396    1428    1514   1534   1554   1578   1644   1668   1692   1712    1732 1824   1844 1868 1888 1912 1934 1954
       4400
            1448    1472   1498   1518    1554    1648   1670   1692   1718   1792   1818   1844   1866    1888 1990   2012 2038 2060 2086 2110 2132
            1338    1362   1388   1408    1432    1520   1542   1566   1638   1658   1684   1702   1722    1742 1834   1854 1884 1910 1930 1950 1970
       4500
            1454    1482   1510   1532    1558    1656   1680   1706   1784   1806   1836   1856   1878    1900 2000   2022 2056 2084 2106 2128 2150
            1352    1378   1396   1422    1454    1538   1564   1584   1650   1672   1696   1722   1742    1764 1854   1878 1900 1930 1950 1972 1992
       4600
              1366 1396    1416 1442 1464 1554 1582 1648 1672 1694                   1714 1736 1758 1780 1878 1900 1930 1952 1972 1994 2146
       4700
              1380 1406 1428 1454 1478 1570 1590 1660 1686 1706 1730 1756 1776 1798 1894 1918 1950 1970 1992 2146 2166
       4800
              1394 1420 1444 1466 1492 1586 1656 1686 1706 1730 1754                        1774 1800 1824 1922 1946 1972 1994 2018 2170 2194
       4900
              1402 1428 1456 1476 1506 1598 1670 1694                  1718   1742 1764 1790 1816 1836 1936 1956 1984 2008 2162 2188 2210
       5000
              1000 1100 1200 1300 1400 1500 1600 1700 1800 1900 2000 2100 2200 2300 2400 2500 2600 2700 2800 2900 3000

              Koofprijzen zie pagina 190
                                                                                     Opmerking:
                                                                                     Max. elementhoogte bij gekraalde lamellen en staaldraadgeleiding 4250 mm.
       200                    Prijslijst elementen                                   Max. elementhoogte bij vlakke lamellen en geleider-/ staaldraadgeleiding 4250 mm.
