                                                                                                   MODULO
                                                                                                   MODULO.P
                                                                                                   MODULO.S
                                                                                                                         Motor Somfy io
                                                           3000 mm                                                       incl. Smoove io
                                                           1 x windzekering bij
                                                           CDL verplicht


 2400    2500    2600    2700    2800    2900     3000     3100    3200    3300   3400    3500   3600   3700   3800   3900   4000
 1626    1664    1684    1696    1718    1744     1758     1778    1796    1876   1904    1930   1946   1966   1988   2004   2026   800
 1408    1436    1448    1460    1476    1486     1502     1516    1528    1598   1620    1630   1646   1662   1674   1688   1704
 1650    1688    1708    1726    1750    1766     1788     1810    1826    1906   1932    1960   1980   1998   2018   2040   2060   900
 1428    1460    1470    1484    1502    1510     1528     1540    1552    1624   1648    1664   1678   1690   1706   1716   1732


                                                                                                                                           MODULO
 1678    1712    1732    1752    1774    1792     1816     1834    1854    1936   1964    1992   2010   2032   2054   2068   2090   1000
 1458    1482    1494    1508    1526    1538     1552     1568    1580    1652   1678    1692   1708   1718   1736   1750   1766
 1716    1756    1776    1794    1818    1840     1860     1882    1900    1988   2018    2046   2064   2086   2110   2128   2150   1100
 1494    1524    1538    1550    1568    1580     1598     1612    1624    1706   1728    1748   1758   1774   1790   1802   1820
 1746    1780    1798    1822    1846    1862     1890     1910    1928    2020   2048    2080   2100   2120   2144   2162   2186   1200
 1520    1546    1560    1574    1592    1606     1622     1638    1650    1732   1756    1774   1790   1802   1820   1834   1850
 1784    1822    1846    1866    1890    1912     1932     1956    1978    2076   2102    2130   2152   2178   2198   2220   2246   1300
 1558    1584    1604    1616    1630    1648     1668     1684    1694    1780   1812    1826   1842   1856   1872   1890   1906
 1812    1848    1870    1892    1916    1938     1960     1982    2004    2106   2134    2164   2188   2208   2230   2254   2278   1400
 1580    1612    1624    1642    1656    1674     1690     1708    1724    1814   1838    1856   1872   1888   1906   1920   1938
 1834    1872    1894    1916    1942    1964     1988     2010    2034    2134   2164    2194   2218   2242   2264   2286   2310   1500
 1606    1630    1648    1668    1684    1696     1716     1736    1750    1840   1866    1888   1900   1916   1936   1954   1972
 1876    1916    1938    1960    1988    2010     2038     2058    2080    2188   2218    2252   2274   2294   2324   2346   2368   1600
 1644    1674    1690    1708    1726    1746     1762     1778    1794    1892   1920    1936   1956   1974   1988   2008   2024
 1900    1942    1964    1988    2014    2038     2062     2084    2110    2218   2252    2282   2304   2328   2352   2376   2404   1700
 1670    1694    1714    1732    1752    1770     1788     1802    1822    1920   1946    1966   1982   2000   2020   2040   2058
 1944    1986    2008    2034    2060    2082     2110     2130    2156    2274   2302    2334   2360   2388   2412   2434   2460   1800
 1708    1738    1756    1774    1792    1814     1832     1850    1866    1972   1998    2018   2038   2056   2076   2090   2114
 1972    2010    2038    2058    2084    2110     2140     2158    2186    2302   2332    2368   2392   2416   2442   2470   2494   1900
 1728    1762    1778    1796    1818    1838     1856     1876    1894    1998   2026    2048   2064   2084   2106   2124   2144
 1994    2038    2060    2084    2114    2140     2162     2188    2212    2332   2366    2398   2426   2450   2478   2500   2528   2000
 1754    1784    1802    1822    1842    1860     1884     1900    1920    2026   2058    2078   2098   2118   2134   2152   2178
 2038    2078    2102    2128    2156    2184     2210     2234    2262    2388   2418    2454   2480   2502   2532   2560   2586   2100
 1792    1826    1846    1862    1888    1906     1924     1946    1966    2078   2108    2128   2148   2168   2190   2210   2230
 2060    2102    2128    2152    2184    2210     2234     2264    2288    2416   2450    2486   2514   2538   2564   2592   2620   2200
 1818    1848    1870    1890    1912    1930     1954     1974    1992    2108   2140    2158   2180   2198   2220   2242   2262
 2084    2126    2152    2184    2210    2234     2264     2288    2318    2448   2482    2518   2544   2570   2596   2626   2654   2300
 1840    1872    1892    1914    1936    1956     1978     1996    2018    2134   2168    2190   2210   2228   2252   2274   2294
 2126    2172    2198    2224    2254    2282     2310     2338    2364    2498   2536    2570   2596   2626   2656   2682   2712   2400
 1880    1914    1932    1956    1978    1998     2020     2044    2062    2186   2218    2242   2262   2282   2304   2326   2350
 2150    2194    2222    2252    2282    2308     2338     2366    2394    2528   2564    2604   2632   2658   2686   2716   2744   2500
 1904    1936    1958    1980    2000    2024     2046     2066    2088    2214   2250    2268   2290   2310   2334   2356   2378
 2192    2234    2266    2294    2326    2352     2388     2414    2438    2584   2620    2656   2686   2716   2744   2770   2804   2600
 1942    1978    1998    2020    2046    2066     2088     2114    2134    2264   2296    2324   2346   2366   2390   2412   2434
 2294    2344    2374    2408    2438    2472     2508     2538    2570    2720   2760    2800   2830   2862   2896   2928   2962   2700
 1966    2000    2024    2046    2068    2090     2120     2142    2162    2294   2328    2350   2374   2396   2420   2442   2470
 2322    2366    2398    2432    2466    2498     2536     2564    2596    2750   2790    2830   2862   2896   2928   2962   2998   2800
 1988    2024    2046    2068    2098    2120     2144     2164    2188    2324   2354    2378   2408   2428   2452   2476   2498
 2360    2412    2442    2478    2514    2546     2582     2616    2648    2802   2846    2884   2918   2950   2988   3080   3118   2900
 2032    2064    2086    2114    2140    2162     2188     2210    2232    2370   2410    2432   2454   2480   2502   2586   2614
 2388    2434    2470    2500    2538    2570     2606     2642    2678    2832   2872    2916   2950   2986   3080   3116   3152   3000
 2054    2086    2114    2140    2162    2188     2212     2234    2260    2404   2434    2462   2486   2510   2594   2618   2646
 2428    2478    2514    2546    2584    2618     2654     2690    2722    2884   2928    2970   3068   3098   3138   3170   3206   3100
 2088    2128    2152    2180    2202    2228     2256     2282    2304    2452   2488    2514   2594   2620   2648   2672   2700
 2452    2500    2538    2572    2612    2646     2682     2718    2750    2916   2958    3066   3096   3134   3170   3204   3242   3200
 2118    2152    2180    2202    2228    2256     2282     2304    2330    2480   2516    2598   2626   2650   2680   2702   2728
 2478    2528    2562    2596    2636    2668     2706     2744    2780    3008   3054    3094   3132   3164   3202   3236   3276   3300
 2140    2178    2200    2228    2254    2282     2308     2332    2356    2566   2604    2632   2656   2682   2706   2736   2762
 2518    2570    2606    2642    2682    2718     2758     2790    2888    3060   3102    3152   3186   3222   3262   3296   3336   3400
 2180    2218    2244    2268    2296    2324     2350     2376    2462    2618   2654    2684   2706   2736   2764   2788   2814
 2544    2594    2632    2664    2704    2744     2784     2880    2916    3092   3136    3178   3220   3254   3294   3330   3366   3500
 2200    2242    2266    2294    2324    2348     2376     2462    2488    2648   2684    2712   2738   2766   2792   2824   2850
 2584    2638    2678    2712    2752    2788     2890     2926    2964    3142   3192    3234   3274   3308   3350   3386   3426   3600
 2242    2282    2308    2334    2364    2392     2480     2508    2536    2698   2736    2764   2790   2818   2850   2874   2904
 2612    2662    2700    2738    2780    2874     2918     2954    2992    3174   3222    3268   3302   3342   3380   3422   3460   3700
 2264    2302    2332    2360    2390    2476     2502     2532    2560    2724   2764    2792   2824   2850   2880   2906   2936
 2634    2690    2726    2764    2866    2904     2946     2984    3020    3206   3252    3298   3338   3376   3418   3452   3494   3800
 2286    2328    2354    2382    2472    2500     2528     2560    2586    2758   2792    2826   2852   2880   2910   2936   2968
 2678    2728    2768    2870    2914    2950     2990     3028    3068    3262   3306    3356   3390   3430   3470   3510   3740   3900
 2328    2368    2396    2486    2516    2544     2572     2604    2632    2804   2846    2872   2904   2932   2962   2992   3204
 2700    2758    2858    2896    2936    2976     3016     3056    3096    3290   3338    3384   3424   3464   3506   3734   3776   4000
 2350    2392    2480    2510    2540    2566     2598     2628    2658    2832   2872    2904   2934   2962   2994   3204   3234
 2724    2784    2882    2922    2964    3004     3048     3082    3126    3320   3366    3420   3454   3494   3730   3770   3812   4100
 2374    2416    2502    2532    2564    2594     2626     2656    2684    2862   2904    2934   2964   2992   3206   3234   3268
 2766    2884    2926    2964    3008    3052     3092     3134    3170    3372   3424    3468   3510   3740   3790   3824   3870   4200
 2414    2516    2546    2576    2606    2636     2668     2700    2728    2914   2954    2988   3016   3226   3262   3290   3322
 2854    2910    2950    2992    3032    3074     3120     3160    3200    3404   3452    3694   3734   3776   3820   3860   3902   4300
 2494    2538    2566    2596    2632    2660     2696     2724    2758    2940   2986    3198   3226   3258   3290   3320   3356
 2896    2954    2994    3034    3080    3122     3164     3206    3246    3460   3698    3748   3792   3830   3874   3916   3960   4400
 2536    2580    2612    2642    2678    2704     2738     2770    2802    2992   3218    3246   3278   3312   3344   3376   3408
 2922    2980    3020    3060    3102    3148     3196     3234    3276    3676   3730    3780   3822   3864   3906   3948   3996   4500
 2558    2598    2634    2662    2700    2728     2764     2796    2828    3202   3242    3278   3308   3342   3376   3406   3442
 2400    2500    2600    2700    2800    2900     3000     3100    3200    3300   3400    3500   3600   3700   3800   3900   4000



Bijzonderheden voor de berekening
MODULO.P staaldraadgeleiding                               gelijke prijs
MODULO.P stucvariant, gezette koof                         gelijke prijs
Stucvoorbereiding 8/15 mm, stucvariant 25/30 mm en Fries
(meerprijs in de prijslijst opgenomen)                                                   Prijslijst elementen                        173
