                                                                                            Gevel-buitenjaloezie
                                                                                            met geleiders
                                                                                                                                     Motor Somfy io
                                                                                                                                     incl. Smoove io.




 3100   3200   3300    3400   3500    3600   3700   3800    3900      4000
 1268   1278   1344   1354    1364    1372   1378   1394    1406      1420 1000

1306    1312   1378   1386    1396    1408   1420   1432    1444   1450 1100

1330    1340   1408   1420    1430    1436   1448   1460    1470   1484 1200

 1356   1370   1436   1450    1460    1472   1486   1502    1510      1520 1300

 1376   1386   1458   1470    1484    1496   1506   1520    1534   1548 1400

 1436   1448   1514   1524    1534    1548   1564   1582    1596   1604 1500

 1460   1472   1548   1568    1578    1590   1600   1614    1628   1642 1600

 1492   1502   1578   1590    1600    1614   1628   1644    1652   1668 1700

 1520   1532   1606   1624    1642    1650   1666   1678    1694      1710 1800

 1548   1558   1630   1646    1656    1670   1686   1714    1726      1738 1900

 1568   1580   1662   1670    1686    1710   1724   1736    1750      1770 2000

1602    1618   1694   1712    1726    1738   1750   1776    1790      1812 2100

 1620   1636   1724   1736    1750    1762   1780   1798    1816      1824 2200

1646    1666   1748   1760    1776    1792   1804   1824    1842   1858 2300

 1710   1724   1800   1816    1838    1858   1872   1892    1966   1982 2400

 1728   1746   1824   1842    1860    1872   1950   1970    1990      2010 2500

 1760   1780   1864   1884    1958    1970   1990   2014    2034   2052 2600

 1776   1798   1892   1960    1982    2002   2014   2038    2058      2074 2700

1800    1880   1966   1988    2010    2024   2038   2060    2078   2100 2800

1898    1916   2010   2026    2048    2060   2080   2106    2128      2144 2900

 1920   1942   2030   2048    2064    2088   2102   2130    2146      2172 3000




                                                                                                                                                        Gevel-buitenjaloezie
1950    1968   2060   2080    2100    2114   2140   2170    2184   2206 3100

 1970   1990   2088   2106    2132    2154   2172   2194    2212   2234 3200

2002    2016   2112   2132    2154    2172   2196   2218    2240   2258 3300

2054    2074   2170   2194    2212    2236   2258   2284    2304   2324 3400

2080    2102   2198   2220    2244    2264   2288   2312    2330   2352 3500

 2112   2134   2230   2256    2278    2300   2320   2344    2368   2392 3600

 2132   2156   2256   2278    2302    2320   2342   2374    2392      2416 3700

 2158   2184   2288   2312    2330    2352   2376   2404    2582      2612 3800

 2196   2218   2320   2342    2368    2392   2416   2606    2628   2646 3900

 2218   2244   2348   2374    2394    2420   2604   2630    2652   2680 4000

2240    2264   2368   2392    2418    2594   2628   2654    2680   2696 4100

 2276   2300   2404   2426    2612    2632   2658   2690    2712   2738 4200

2326    2348   2458   2638    2662    2684   2714   2748    2772   2796 4300

2350    2382   2642   2680    2706    2726   2752   2782    2808   2834 4400

 2374   2564   2668   2694    2724    2748   2774   2810    2836   2858 4500
 3100   3200   3300    3400   3500    3600   3700   3800    3900      4000



Meer- en minderprijzen voor extra’s                                      Meer- en minderprijzen voor extra’s
Somfy funky J4 io incl. wandzender.                         0,00/E       Elero JA (mechanische motor) bedraad incl.         -168,00/E
Somfy RTS of Elero 868 met Elero JA                         0,00/E       schakelaar. Minderprijs
(Mechanische motor) incl. wandzender.                                    Aandrijfcombi van 2 elementen met 1 motor J4 io   -316,40/St.
Somfy funky J4 io excl. wandzender. Minderprijs            -35,20/E      inclusief wandzender
Somfy J4 WT (elektronische motor) bedraad incl.        -150,40/E         Stootstuk los, gelijmd of gelast                    15,40/St.
schakelaar. Minderprijs                                                  (koven koppelen)



                                                                                             Prijslijst elementen                           199
