                                                           Voorzetscreens/Inbouwscreens
                                                           zipSCREEN.2
                                                                                                                                                                                 zipSCREEN.2
                                                           geëxtrudeerd
         Maximale elementmaten
         voor een snelloop-motor                                                                                                                  Motor Somfy io
         met 32 omw/min bij een
                                                                                                                                                  incl. Smoove io
         63er as.




 3100    3200    3300    3400    3500    3600    3700    3800    3900    4000    4100    4200    4300    4400    4500    4600    4700    4800    4900    5000          verdere
1506    1530    1554    1576 1600       1648    1670    1696    1720    1796    1884    1912    1936    1964    1988    2164    2192    2218    2246 2352       1000 breedtes

1548    1572    1596    1620    1646    1692    1718    1742    1768    1846    1934    1964    1988    2016 2042       2218    2246    2276 2302       2408    1100

1590    1614    1638    1664    1688    1738    1762    1790    1814    1896    1986    2014 2040 2068 2094             2276 2302 2332 2358             2468    1200

1630    1656    1682    1708    1734    1784    1810    1838    1864    1944 2036 2064 2092             2120    2148 2330 2358 2388             2418    2526    1300

1670    1698    1724    1752    1778    1830    1858    1882    1912    1994 2086       2116    2144    2174 2204 2384          2414    2444    2474 2582       1400

1714    1740    1770    1796    1822    1874 1906       1932    1962 2042       2138    2164    2194 2226       2256    2436    2470    2498 2532 2642          1500

1754    1784    1810    1840    1866    1920    1948    1980 2006 2092          2186    2216    2246 2280       2310    2490    2524 2556 2590          2700    1600

1794    1824    1854    1882    1914    1966    1996    2028 2056       2142 2234 2268 2300 2332 2364 2546 2580                         2612 2646       2758    1700

1838    1866    1898    1928    1960    2014 2042       2074    2106    2190 2286       2318 2352 2386          2418 2600 2634 2668             2704    2814    1800

1876    1910    1940    1970 2002 2056 2090             2120    2154    2240 2336 2368          2404    2436    2470 2654 2688          2724    2760    2872    1900

1918    1948    1982    2016 2048       2104    2138    2170 2204 2286 2386             2420    2456    2488    2524    2708    2744    2780    2818 2930       2000

1960    1990    2028 2058 2092          2148    2180    2216    2248 2336       2436    2472 2508       2542    2578    2766 2800 2838          2874 2988       2100

2000 2034 2068          2102    2138    2192    2228 2264 2298 2386             2486    2522 2558       2594 2632       2820 2856 2894 2930 3046                2200

2042    2076    2110    2146    2180    2240    2276    2310 2348       2434 2534       2574    2610 2648 2684          2872    2910 2950 2986          3104    2300

2084    2118    2156    2190 2226 2284 2322 2356 2394                   2484 2586 2622 2662             2700    2738 2926 2966 3006 3046                3162    2400

2124    2160    2198 2234       2270 2332 2368 2406             2444 2532 2636          2674    2714    2754    2790 2980 3022 3064             3102    3218    2500

2164 2204       2240    2278    2314    2374    2416    2454    2490 2582 2684          2724    2766 2804 2844 3036             3076    3118    3158    3278    2600

2226 2266 2304 2344 2384                2422    2460    2498 2540 2632          2736    2776    2818 2858 2898 3090             3134    3174    3216 3336       2700

2268 2306 2348 2388             2426    2468 2508 2546 2586 2680                2786    2828 2866       2910 2952       3144    3188 3230       3274 3394       2800

2310 2350 2390          2432    2472    2514    2552 2596 2636          2730 2836       2878 2920 2964 3006             3198    3242 3286 3330 3452             2900

2404    2446    2488    2528    2572    2612 2654 2696          2736    2778 2888       2928    2972    3016    3138 3332       3376 3420 3464          3510    3000

2446    2488 2530       2574    2614 2656       2702    2742    2786    2828 2934 2980          3024    3070    3192 3386 3432          3476 3522 3568          3100

2486 2530       2574    2616 2660       2704    2744    2790 2832       2878 2984 3030          3076    3120    3242 3440 3486 3532 3580 3626                   3200

2528    2574    2616 2662       2704    2748    2792 2838 2882 2926 3036 3082                   3128    3174 3296 3494 3542 3590 3636 3684                      3300

2568    2614 2660       2704    2748    2794 2840 2884 2930             2976 3086       3134    3178 3226 3350 3548 3596 3646 3692                      3742    3400

2610 2654       2702    2748    2794 2840 2888 2932             2978    3024    3136    3184 3230       3278 3404 3602 3652             3702    3752 3802       3500

2700    2748    2796 2844 2894 2944 2990 3038 3088                      3138    3188 3232 3282 3332 3458 3656                   3706    3758 3808 3856          3600

2740 2790 2840 2890 2938 2986 3036 3088                         3138    3188 3234 3284 3334 3384                3512    3710    3762    3814                    3700

2780 2832 2882 2932 2982 3034 3084                      3136    3184 3234 3284 3336 3386 3438 3566                      3766 3820                               3800

2824    2874 2926       2976 3026       3078    3130    3180 3232 3284 3336 3386 3438 3488                      3618 3822                                       3900

2944 2994 3046 3096             3152 3204 3254 3304 3358                3410 3462       3514 3568 3620          3670                                            4000

2982 3036 3088          3142    3196    3248 3300 3354 3406 3460                3514 3566 3620                                                                  4100

3024    3078    3134    3188    3240 3294 3348 3402 3456                3510 3564       3618                                                                    4200

3066    3120    3174 3230 3284 3338 3394 3450 3504 3560                         3612                                                                            4300

3106    3162    3216    3274 3330 3386 3440 3496 3550 3608                                                                                                      4400

3148 3206 3262          3318    3374 3432 3486 3542 3600 3656                           Meerprijs voor bedieningen- extra’s en combinaties          4500
                                                                                        Kastcombinatie van 2 elementen, aangestuurd       33,00/St.
3190    3248 3302 3362          3418    3476 3532 3592 3648                                                                                         4600
                                                                                        door 2 motoren (Geen mechanische koppeling
3230 3286 3346 3404 3462 3522 3580 3638                                                 mogelijk).                                                  4700

3270 3330 3390 3450 3508 3568 3628                                                                                                                              4800
                                                                                         INTEGO
3314    3372 3434 3494 3550             3612                                                                                                                    4900
                                                                                         Meerprijs voor uitvoering INTEGO                      26,40 /St./m.
3352    3412    3474 3534 3596 3656                                                                                                                             5000
                                                                                         8/15 mm, hoek 25/30 mm en Fries.
3394 3456       3520 3580 3640                                                                                                                                  5100

3436 3498 3562 3626                                                                                                                                             5200 verdere
 3100    3200    3300    3400    3500    3600    3700    3800    3900    4000    4100    4200    4300    4400    4500    4600    4700    4800    4900    5000        hoogtes

        Tip:
        De prijzen hebben betrekking op elementen met Maestria+ io
        motoren incl. een Smoove io wandzender en RVS schroeven.
                                                                                                       Prijslijst elementen                                      227
