                                                                                      Schuine rolluiken
2025
                                                                                      TRENDO .XP/.P geëxtrudeerd
                                                                                      RONDO | PENTO | QUADRO



       Witte achtergrond: TRENDO elementen Grijze achtergrond: Normale combi-elementen XP-Systeem   Antraciet achtergrond: Normale combi-elementen P-Systeem




        Elementhoogte in mm
                                                 Minimale elementbreedte = 900 mm
                   Elementbreedte in mm


                   900             1000             1100             1200             1300             1400              1500             1600
                          784             793              808              836              855               870              892               913
         900   1934             1976             2024              2062            2110             2156             2196              2244
                          772              781              796              824              841              856               878              897
                          792             809              848              860               881              912              938               951
        1000   1950             1992             2042              2090            2132             2178             2228              2270
                          780              797              834              846              867              896               922              935
                         822              843              858               878              901             932               960               977
        1100   1966             2016             2054              2108            2156             2198             2248              2296
                          810              829              844              864              885              916               942              959
                         842              863              888               914             943              968               990              1013
        1200   1984             2032             2082              2126            2174             2228             2272              2318
                          828              849              874              898              927              950               972              993
                         868              887              922              944              969              990               1014             1035
        1300   2010             2050             2098              2152            2196             2246             2300              2354
                          854              873              906              928              951              972               994             1015
                         890              909              944              968               991             1024              1046             1071
        1400   2032             2080             2120              2170            2226             2270             2324              2376
                          874              893              928              950              973             1004              1026             1049
                          916             939              966              990              1017             1048              1072             1095
        1500   2048             2098             2152              2190            2244             2294             2354              2404
                          900              923              948              972              997             1028              1050             1073
                         930               951             982              1010             1041             1076              1096             1117
        1600   2070             2120             2170              2224            2270             2316             2374              2432
                          914              933              964              990             1021             1054              1074             1095
                         940              969              1010             1034             1061             1104              1130             1155
        1700   2094             2150             2190              2246            2296             2354             2400              2450
                          924              951              990             1014             1041             1082              1106             1131
                         960               997             1024             1058             1089             1124              1152             1171
        1800   2116             2168             2224              2270            2324             2376             2432              2482
                          942              979             1004             1038             1067             1102              1128             1147
                          972             1001             1048             1082             1111             1146              1170             1193
        1900   2134             2186             2244              2296            2356             2406             2458              2512
                          954              983             1028             1060             1089             1122              1146             1169
                         986              1025             1058             1092             1131             1160              1186             1219
        2000   2160             2220             2266              2318            2378             2436             2486              2542
                          968             1005             1038             1070             1107             1136              1162             1193
                         1002             1045             1074             1106             1141             1170              1204             1235
        2100   2178             2238             2292              2354            2406             2460             2516              2574
                          984             1025             1052             1084             1117             1146              1178             1209
                         1012             1053             1084             1120             1151             1182              1220             1251
        2200   2198             2258             2314              2374            2436             2492             2550              2608
                          992             1033             1062             1098             1127             1158              1194             1225
                         1038             1073             1110             1142             1173             1208              1240             1275
        2300   2226             2286             2340              2400            2458             2516             2576              2640
                         1018             1051             1088             1118             1149             1182              1214             1247
                         1056             1097             1134             1164             1199             1234              1264             1299
        2400   2244             2306             2368              2428            2486             2548             2608              2668
                         1036             1075             1110             1140             1173             1208              1238             1271
                         1080             1119             1154             1188             1223             1256              1294             1327
        2500   2266             2326             2388              2448            2514             2574             2640              2702
                         1058             1097             1130             1164             1197             1230              1266             1299
                         1098             1137             1174             1212             1245             1282              1318             1355
        2600                                     2416              2480            2538             2604             2666              2730
                         1076             1113             1150             1186             1219             1254              1290             1325
                         1120             1157             1200             1234             1271             1308              1344             1379
        2700                                                       2506            2570             2636             2702              2806
                         1096             1133             1174             1208             1243             1280              1314             1349
                         1142             1181             1220             1258             1295             1334              1370             1409
        2800                                                                       2596             2660             2728              2832
                         1118             1155             1194             1230             1267             1304              1340             1377
                         1160             1201             1238             1278             1319             1358              1396             1443
        2900                                                                                        2688             2800              2864
                         1136             1175             1212             1250             1289             1328              1364             1411
                         1184             1223             1266             1304             1343             1386              1430             1471
        3000                                                                                                         2830              2896
                         1158             1197             1238             1276             1313             1354              1398             1437
                   900             1000             1100             1200             1300             1400              1500             1600

                            Meer- en minderprijzen voor extra’s                           Meer- en minderprijzen voor extra’s
                            Somfy OXIMO RTS/io incl. wandzender.               -22,00/E   SOMY RS 100 Solar io. Meerprijs                     376,00/E
                            Minderprijs
                            Minderprijs excl. wandzender.                      -35,00/E   Motor OXIMO WT incl. schakelaar.                    -134,00/E
                                                                                          Minderprijs
       100
