                                                                            Roldeuren
                                                                            ROLENTO B1/55, B1/77, B2/77
                                                                            Roldeur B3/77
                                                                            Systeem met kast




Roldeur ROLENTO B2 / 77 (met aanrolsysteem)
  Elementhoogte in mm

                 Elementbreedte in mm                                                                  Standaard gedeelde geleider 110 x 44 mm

       2000    2200   2400    2600    2800   3000   3200   3400   3600   3800   4000   4200    4400   4600   4800   5000       5200       5400   5600
2000 2226      2338   2396    2504    2618   2664   2800   2844   2960   3432   3536   3666    3734   3842   3952   4064       4174       4284   4394 2000

2200 2348      2444   2546    2598    2698   2792   2942   2982   3110   3624   3668   3764    3944   4052   4164   4276       4382       4500   4604 2200

2400 2404      2532   2654    2736    2814   2948   3048   3182   3604   3778   3824 3966      4086   4194   4304       4412   4524       4632   4746 2400

2600 2520      2654   2718    2834    2968   3078   3162   3326   3784   3870   4056   4140    4260   4372   4482   4592       4700       4812   4918 2600

2800 2640      2734   2830    2946    3088   3236   3304   3770   3968   4026   4182   4350    4480   4594   4698       4812   4920       5036   5140 2800        Roldeuren
3000 2696      2846   2992    3092    3214   3314   3466   3916   4082   4180   4348   4526    4742   4852   4962   5068       5184       5288   5396 3000

3200 2792      2944   3100    3176    3338   3438                                                                                                       3200   Systeem met kast

3400 2884      3076   3212    3322    3426   3560                                                                                                       3400
       2000    2200   2400    2600    2800   3000   3200   3400   3600   3800   4000   4200    4400   4600   4800        500   5200       5400   5600




Roldeur B3 / 77 (met aanrolsysteem)
  Elementhoogte in mm

                 Elementbreedte in mm                                           Geleider 104 x 34 mm                     Geleider 134 x 35 mm

       2000    2200   2400    2600    2800   3000   3200   3400   3600   3800   4000   4200    4400   4600   4800   5000       5200       5400   5600
2000 2492      2646    2742   2890    3040   3130   3308   3392   3546 4060     4202   4372    4482   4626   4778   4932       5080       5230   5382 2000

2200 2602      2744   2882    2974    3116   3254   3438   3526 3690     4242   4326   4466    4684   4834   4980   5140       5284       5436   5586 2200

2400 2658      2822   2988    3106    3232   3404   3544   3720   4176   4394   4480   4664    4818   4968   5116   5270       5424       5568   5722 2400

2600 2770      2944   3042    3196    3372   3526   3648   3854   4356   4480   4704   4826    4984   5142   5288   5438       5588       5740   5890 2600

2800 2880      3018   3152    3304    3488   3674   3788   4294   4528   4622   4822   5032    5204   5354   5500   5654 5806             5954   6102 2800

3000 2926      3116   3304    3444 3608      3744   3938   4430   4636   4770   4978   5200    5452 5606     5750   5904 6054             6206   6356 3000

3200 3020      3212   3410    3526    3726   3866   4046   4538   4748   4882   5086   5304    5562   5714 6006     6154       6232       6548 6600 3200

3400 3104      3336   3514 3660       3808   3982   4154   4650   4856   4992   5200   5420    5672   5822   6220   6370       6378       6744          3400

3600 3214      3440   3620    3768    3918   4094   4266   4758   4966   5102 5306     5528    5746   6072   6386   6540       6682 6960                3600

3800 3328      3554   3732    3880    4028   4202   4376   4874   5076   5212   5424   5626    5766   6290   6570   6674       6886                     3800

4000 3434 3666        3840 3990       4136   4310   4486   4976   5186   5320   5458   5666    6142   6454   6724   6878                                4000

4200 3546      3770   3950    4100    4246   4424   4596   5086   5294   5432   5644   5856    6358   6592                                              4200

4400 3656      3884 4060      4210    4360   4530   4704   5204   5410 5606     5748   6028    6528                                                     4400

4600 3762      3994    4172   4320    4468   4642   4816 5306     5562   5652   5860   6228                                                             4600

4800 3858      4114    4274   4460    4554   4760   4930   5424   5626   5762   6018                                                                    4800

5000 3946      4238   4378    4612    4636   4884   5040   5530   5832   5876                                                                           5000

5200 4038      4364   4484    4726    4744   5002   5152   5644   5966                                                                                  5200
       2000    2200   2400    2600    2800   3000   3200   3400   3600   3800   4000   4200    4400   4600   4800       500    5200       5400   5600



INB (geïntegreerde                    St.      364,00                       Besturingspakket IFR                  St.          612,00
noodhandbediening)
                                                                            ROLENTO PLUS draadloze
Knikslingerstangbediening op                                                besturing met drukknopbediening,
                                                Onze                                                                           Onze
middelhoogte (1 meter), geïnte-                                             inclusief 2x Pearl 4-kanaals hand-
                                                aanbe-                                                                         aanbe-
greerd in de zijgeleider. Muurdoor-                                         zenders en zelftestende optische
                                                 veling!                                                                        veling!
voer apart bestellen indien nodig!                                          onderlijstbeveiliging.


Alle ROMA-roldeuren voldoen aan de productnorm DIN EN 13241-1 en zijn standaard uitgerust met afrolbeveiliging.


                                                                                          Prijslijst elementen                                           307
