2025
                                     Z-lamellen             S-lamellen                 Gekraalde lamellen


                                           ZL 81                  DBL 70                       GL 85




       Blauw: Elementprijs met GL 85
       Zwart: Elementprijs met ZL en DBL

        Elementhoogte in mm
                   Elementbreedte in mm


                800      900     1000       1100   1200   1300   1400    1500   1600    1700     1800    1900     2000       2100   2200     2300
        800     976     1002     1026       1050   1068   1094   1184    1210   1228    1246     1272    1294     1314       1338   1436     1464
               1032     1060     1086       1112   1132   1158   1256    1282   1302    1322     1350    1372     1394       1420   1524     1554
        900     998     1014     1034       1058   1088   1108   1202    1228   1250    1272     1294    1318     1336       1362   1464     1480
               1056     1074     1094       1120   1152   1174   1274    1302   1326    1350     1372    1398     1418       1446   1554     1572
       1000    1020     1034     1058       1088   1110   1136   1240    1254   1282    1304     1326    1350     1370       1394   1498     1520
               1080     1094     1120       1152   1176   1204   1316    1330   1360    1384     1408    1432     1454       1480   1592     1614
       1100    1030     1054     1074       1108   1130   1154   1254    1282   1304    1322     1350    1374     1394       1420   1520     1542
               1090     1116     1138       1174   1198   1224   1330    1360   1384    1402     1432    1458     1480       1508   1614     1638
       1200    1054     1084     1100       1130   1160   1184   1282    1308   1332    1356     1382    1404     1428       1450   1554     1582
               1116     1148     1166       1198   1230   1256   1360    1388   1414    1440     1466    1490     1516       1540   1652     1680
       1300    1070     1094     1118       1154   1178   1202   1300    1322   1350    1382     1398    1422     1444       1476   1582     1604
               1134     1158     1184       1224   1248   1274   1380    1402   1432    1466     1484    1510     1534       1568   1680     1704
       1400    1084     1108     1138       1164   1194   1224   1318    1350   1374    1398     1422    1444     1476       1504   1614     1634
               1148     1174     1206       1234   1266   1298   1398    1432   1458    1484     1510    1534     1568       1598   1716     1736
       1500    1102     1132     1162       1194   1224   1246   1350    1382   1402    1426     1460    1484     1508       1536   1644     1670
               1168     1200     1232       1266   1298   1322   1432    1466   1488    1514     1550    1576     1602       1632   1748     1776
       1600    1120     1150     1180       1210   1234   1256   1374    1398   1422    1450     1476    1504     1530       1554   1666     1696
               1186     1218     1250       1282   1308   1332   1458    1484   1510    1540     1568    1598     1626       1652   1770     1802
       1700    1144     1172     1204       1234   1256   1288   1398    1422   1450    1484     1506    1536     1560       1592   1706     1730
               1212     1242     1276       1308   1332   1366   1484    1510   1540    1576     1600    1632     1658       1692   1814     1840
       1800    1162     1196     1222       1252   1278   1308   1418    1444   1476    1504     1530    1560     1590       1616   1730     1758
               1232     1268     1296       1328   1356   1388   1506    1534   1568    1598     1626    1658     1690       1718   1840     1870
       1900    1176     1208     1230       1274   1296   1326   1436    1468   1496    1526     1554    1582     1612       1640   1758     1782
               1246     1280     1304       1352   1374   1408   1524    1560   1588    1622     1652    1680     1714       1744   1870     1894
       2000    1196     1226     1260       1290   1320   1352   1468    1496   1526    1554     1590    1616     1650       1674   1796     1820
               1268     1300     1336       1368   1400   1434   1560    1588   1622    1652     1690    1718     1754       1780   1910     1936
       2100    1216     1244     1276       1310   1338   1370   1484    1518   1542    1576     1612    1640     1670       1702   1820     1850
               1290     1320     1354       1390   1420   1454   1576    1612   1638    1674     1714    1744     1776       1810   1936     1968
       2200    1232     1262     1296       1330   1362   1400   1514    1542   1576    1604     1634    1674     1706       1734   1858     1886
               1306     1338     1374       1412   1446   1486   1608    1638   1674    1704     1736    1780     1814       1844   1976     2006
       2300    1250     1282     1316       1354   1384   1414   1530    1560   1598    1628     1666    1696     1726       1756   1876     1908
               1326     1360     1396       1438   1470   1502   1626    1658   1698    1730     1770    1802     1836       1868   1996     2030
       2400    1262     1300     1332       1372   1400   1430   1550    1584   1614    1656     1688    1722     1750       1782   1908     1942
               1338     1380     1414       1456   1486   1518   1646    1684   1716    1760     1794    1830     1860       1894   2030     2066
       2500    1288     1318     1354       1396   1424   1458   1584    1614   1646    1682     1722    1750     1782       1812   1950     1980
               1366     1398     1438       1482   1512   1548   1684    1716   1750    1788     1830    1860     1894       1928   2074     2106
       2600    1304     1332     1366       1408   1444   1476   1600    1628   1670    1708     1736    1774     1802       1846   1972     2008
               1384     1414     1450       1494   1534   1568   1700    1730   1776    1816     1846    1886     1916       1964   2098     2136
       2700    1318     1352     1388       1426   1466   1494   1618    1656   1690    1724     1756    1798     1834       1870   1994     2030
               1398     1434     1474       1514   1556   1586   1720    1760   1796    1832     1868    1912     1950       1990   2122     2160
       2800    1338     1378     1410       1450   1488   1516   1648    1684   1722    1756     1790    1826     1864       1898   2030     2064
               1420     1462     1496       1540   1580   1610   1752    1790   1830    1868     1904    1942     1982       2020   2160     2196
       2900    1358     1388     1428       1472   1506   1536   1668    1704   1738    1776     1814    1854     1888       1924   2054     2090
               1442     1474     1516       1564   1600   1632   1774    1812   1848    1888     1930    1972     2008       2046   2186     2224
       3000    1378     1420     1454       1496   1530   1564   1700    1738   1776    1812     1854    1888     1924       1960   2098     2132
               1462     1508     1544       1588   1626   1662   1808    1848   1888    1928     1972    2008     2046       2086   2234     2270
       3100    1392     1430     1470       1514   1548   1592   1716    1754   1788    1828     1870    1904     1944       1982   2114     2148
               1478     1518     1562       1608   1644   1692   1824    1866   1902    1944     1990    2026     2068       2108   2250     2286
       3200    1408     1446     1486       1526   1560   1604   1734    1776   1812    1856     1890    1924     1968       2008   2140     2178
               1494     1536     1578       1622   1658   1704   1844    1888   1928    1974     2010    2046     2094       2136   2278     2318
       3300    1426     1470     1504       1550   1590   1634   1762    1800   1840    1890     1924    1968     2002       2042   2178     2214
               1514     1562     1598       1646   1690   1736   1874    1914   1958    2010     2046    2094     2130       2174   2318     2358
       3400    1444     1488     1524       1562   1614   1646   1782    1824   1870    1906     1948    1982     2026       2064   2206     2240
               1534     1580     1618       1660   1716   1750   1894    1940   1990    2028     2072    2108     2156       2196   2348     2386
       3500    1472     1506     1546       1594   1636   1674   1810    1850   1894    1934     1980    2018     2056       2098   2240     2348
               1564     1600     1642       1694   1738   1780   1924    1968   2014    2058     2106    2148     2188       2234   2386     2500
       3600    1484     1524     1564       1606   1656   1690   1832    1876   1912    1958     1996    2038     2082       2120   2268     2368
               1576     1618     1662       1706   1760   1796   1948    1996   2034    2084     2124    2168     2216       2256   2416     2522
       3700    1498     1536     1582       1626   1672   1714   1854    1898   1932    1976     2022    2064     2106       2146   2356     2392
               1592     1632     1680       1728   1778   1822   1972    2020   2056    2102     2152    2196     2242       2284   2510     2548
       3800    1520     1560     1604       1648   1700   1738   1882    1924   1966    2004     2052    2092     2142       2180   2392     2434
               1614     1658     1704       1752   1808   1848   2002    2046   2092    2132     2184    2226     2280       2320   2548     2592
       3900    1534     1578     1616       1670   1710   1756   1898    1950   1988    2030     2078    2120     2158       2266   2410     2452
               1630     1676     1718       1776   1818   1868   2020    2074   2116    2160     2212    2256     2298       2412   2566     2612
       4000    1558     1600     1646       1696   1734   1782   1928    1978   2016    2062     2106    2148     2200       2300   2452     2498
               1656     1700     1750       1802   1844   1894   2052    2104   2146    2194     2242    2286     2342       2450   2612     2662
       4100    1582     1624     1678       1724   1758   1810   1960    2010   2046    2098     2134    2178     2244       2340   2496     2544
               1680     1726     1784       1832   1870   1924   2086    2138   2178    2234     2272    2318     2390       2492   2658     2710
       4200    1604     1648     1708       1750   1782   1834   1990    2042   2074    2128     2164    2206     2286       2372   2538     2588
               1704     1752     1816       1860   1894   1950   2118    2174   2208    2266     2304    2348     2434       2526   2704     2758
       4300    1628     1672     1738       1776   1806   1862   2022    2070   2104    2164     2192    2236     2332       2410   2582     2636
               1730     1778     1848       1888   1920   1980   2152    2204   2240    2304     2334    2380     2484       2566   2750     2808
       4400    1656     1696     1772       1802   1828   1888   2054    2104   2132    2196     2218    2264     2372       2444   2628     2678
               1760     1802     1884       1916   1944   2008   2186    2240   2270    2338     2362    2410     2526       2604   2800     2854
       4500    1678     1722     1802       1826   1856   1912   2084    2134   2162    2230     2252    2290     2416       2482   2668     2726
               1784     1830     1916       1942   1974   2034   2218    2272   2302    2374     2398    2438     2574       2644   2844     2906
                800      800     1000       1100   1200   1300   1400    1500   1600    1700     1800    1900     2000       2100   2200     2300




                                                                                PURO 2.XRK-RS: Let op de meerprijs                 44,00/St./m
                                                                                van de geleiders.                              geleiderhoogte

       188                     Prijslijst elementen                             (bij geleiders 33 x 134 mm of 66 x 134 mm)
