2025                               Blauw: Elementprijs met dubbele onderlijst (niet mogelijk bij 90° hoekscreen)



                                   Maximale elementmaten
                                   voor een snelloop-motor
                                   met 32 omw/min bij een                         Maximale elementmaten voor een               Maximale elementmaten voor een
                                   100er as.                                      snelloop-motor met 32 omw/min                snelloop-motor met 32 omw/min
        Elementhoogte in mm
                   Elementbreedte in mm                                           een 85er as                                  bij een 78er as.



             1000 1100 1200 1300 1400 1500 1600 1700 1800 1900 2000 2100 2200 2300 2400 2500 2600 2700 2800 2900 3000
       1000 994 1016 1040 1064 1088 1130                1156    1178 1200 1226 1248         1274 1296 1318 1344 1366 1388            1414 1436 1460 1484

       1100 1016 1040 1066 1090           1112 1160 1182 1208 1232 1256 1282 1304 1328 1354 1376 1402 1426 1450 1476 1498 1524

       1200 1040 1064 1090         1116   1140 1186 1212 1238 1262 1286 1312 1338 1364 1386                        1414 1438 1466 1488      1512 1540 1562

       1300 1060 1088       1116   1140 1168     1214 1240 1264 1292 1318 1346 1370 1398 1422 1446                      1474 1498 1526 1550 1578 1604

       1400 1084    1110 1138 1164 1192 1242 1266 1294 1320 1350                     1374 1402 1428 1454 1484 1508 1538 1562 1592 1616 1646

       1500 1108 1134 1162 1190 1218 1266 1296 1322 1352 1380 1406 1434 1462 1490                                  1516 1546   1574 1602 1628 1656 1684

       1600 1128    1158 1188 1216 1244 1296 1322 1352 1380                   1410 1438 1468 1494 1526 1554 1582 1610 1638 1668 1696 1724

       1700 1154    1182 1212 1242        1274 1320 1352 1380          1410 1440 1470 1498 1530 1558 1590 1616 1648 1678 1706 1736 1762

       1800 1176 1206 1238 1266 1298 1350 1380                  1410 1440 1472 1502 1532 1562 1594 1624 1654 1684                    1716   1744 1776 1806

       1900 1196 1230 1260 1292 1322             1374 1408 1438 1470 1502 1532 1564 1596 1626 1660 1688 1720 1752 1784                           1814 1846

       2000 1222 1252 1284 1316 1350 1404 1436 1468 1498 1532 1564 1596 1628 1662 1692 1724 1756 1790 1820 1854 1884

       2100 1244 1278 1310 1344           1374 1428 1466 1496 1530 1562 1596 1628 1662 1692 1730 1760 1794 1828 1860 1894 1926

       2200 1264 1300 1332 1368 1402 1458 1490 1526 1558 1594 1626 1662 1692 1730 1760 1796 1830 1864 1898 1932 1966

       2300 1288 1322 1358 1392 1428 1486                1516 1554 1590 1624 1660 1692 1730 1762 1796 1832 1866 1902 1936 1972 2006

       2400 1312 1348 1382         1418 1454     1510 1546 1584 1618 1654 1688 1726 1760 1796 1832 1870 1906 1940 1976 2014 2048

       2500 1332 1370 1408 1442 1480 1540                1574 1612 1650 1684 1722 1756 1794 1832 1866 1906 1942 1978 2016 2050 2088

       2600 1356 1392 1432 1470 1506 1564 1602 1638 1678                      1716 1752 1790 1828 1864 1902 1940 1978 2016 2052 2090 2126

       2700 1384 1424 1466 1502 1542 1602 1638 1680 1720 1758 1796 1838                            1874 1914 1954 1990 2032 2070 2108 2148 2188

       2800 1408 1446 1488 1528 1566 1628 1668                  1712   1748 1790 1830 1870 1910 1948 1988 2030 2068 2108 2148 2188 2228

       2900 1432 1472      1512 1554 1594 1656 1696 1738 1778 1820 1860 1900 1942 1982 2024 2064 2106 2146 2186 2228 2268

       3000 1476    1514 1558 1600 1644 1684 1724 1768 1808 1850 1944 1986 2030 2070                               2112 2154 2194 2236 2280 2318 2362

       3100 1496 1540 1584 1626 1668             1712 1752 1794 1840 1880 1978 2020 2060 2104 2146 2190 2232 2276 2316 2358 2402

       3200 1522 1562 1608 1652 1692 1738 1782 1824 1866 1912 2006 2052 2094 2140 2180 2226 2268 2312 2354 2400 2444

       3300 1544 1590 1630         1674 1720 1762 1808 1854 1898 1942 2040 2086 2126 2172 2216 2262 2304 2350 2394 2438 2484

       3400 1564 1610 1656 1700           1744 1792 1838 1880 1928 1972 2070                2116 2162 2208 2250 2298 2344 2388 2432 2478 2524

       3500 1590 1634 1680 1726           1774 1818 1864 1912 1958 2002 2102 2148 2194 2242 2286 2334 2376 2424 2472 2520 2562

       3600 1624 1672 1722 1772 1818 1866 1916 1966 2014 2060 2164 2212 2262 2310 2358 2406 2456 2504 2552 2602 2650

       3700 1648 1696      1744 1794 1846 1896 1944 1994 2042 2092 2194 2244 2294 2346 2394 2444 2492 2542 2592 2642 2688

       3800 1670 1720 1772 1820 1872 1920 1972 2022 2074 2122 2228 2278 2330 2376 2428 2478 2530 2580 2632 2680 2732

       3900 1690    1742 1794 1846 1898 1948 2000 2052 2102 2154 2260 2310 2362                            2414 2464 2514 2564 2616 2668 2720 2772

       4000 1716 1768 1820 1872 1924 2030 2082 2134 2186 2236 2288 2344 2394 2446 2498 2550 2602 2654 2708 2760 2890

       4100 1738 1790 1844 1898 1948 2056 2108 2162 2216 2268 2322 2374 2426 2480 2532 2586 2642 2692 2744 2800 2928

       4200 1758 1812 1866 1920 1976 2084 2138 2190 2244 2298 2352 2406 2460 2514 2568 2620 2674 2730 2784 2838 2970

       4300 1784 1838 1894 1946 2002             2110 2164 2222 2276 2330 2386 2438 2494 2548 2602 2660 2714 2770 2824 2878 3012

       4400 1806 1860 1916 1972 2030 2138 2192 2248 2304 2358                        2416 2472 2528 2582 2638 2696 2750 2806 2860 2916 3050

       4500 1828 1884 1942 1998 2054 2164 2222 2278 2334 2392 2450 2504 2560 2616 2672 2730 2788 2844 2900 2958 3090

       4600 1906 1910 1966 2024 2082 2190 2248 2306 2364 2422 2478 2538 2594 2652 2708 2768 2824 2882 2938 2996 3130

       4700 1930 1932 1990 2048 2106 2218 2278 2336 2394 2454 2512 2568 2626 2684 2742 2802 2860 2918 2978 3036 3172

       4800 1952 1958 2016 2074 2134 2246 2304 2364 2422 2484 2542 2600 2660 2720 2778 2838 2898 2958 3016 3074 3212

       4900 1974 1980 2038 2100 2160 2274 2334 2394 2454 2514 2574 2634 2696 2754 2814 2874 2932 2994 3054                                       3112 3252

       5000 2052    2118 2118 2178 2240 2300 2362 2422 2484 2544 2682 2742 2804 2864 2926 2986 3048 3108 3170 3230 3292

       5100 2074 2144 2142 2204 2266 2328 2390 2452 2512 2576 2716 2776 2838 2900 2962 3022 3086 3146 3210 3270 3332

       5200 2096 2166 2164 2228 2292 2354               2418 2478 2542 2604 2744 2808 2868 2932 2996 3060 3124 3184 3248 3312 3374
             1000 1100 1200 1300 1400 1500 1600 1700 1800 1900 2000 2100 2200 2300 2400 2500 2600 2700 2800 2900 3000

                                                                                                Meerprijs voor 90° hoekscreen
                                                                                                Prijs element 1 + element 2


       226                      Prijslijst Elementen                                            + meerprijs 90° hoekscreen                          1078,00/E
