2025




        Elementhoogte in mm
                     Elementbreedte in mm


                   800    900      1000     1100   1200   1300   1400   1500   1600   1700   1800   1900   2000   2100   2200   2300
            800    651    657      665       679   699     721    734    752    768   800     812    842    852    867    891   907

            900   655     661       671     685     713    729    742    764    782    812    824   850    862     877   903     919

        1000       661    669      685       719    731    751    778   802     816   838    856     872   900     917    937   955

        1100      685     695       713      729    749    769   796     820   836    856    884    906     928   945    967    987

        1200      703      711      731      755   777    805     826   848    868    886     910   936    954     977   1001   1019

        1300       727    735      753       783   805     827   846    868    886     912   938    958    986    1009   1029   1051

        1400      739     753       771     803     825   845     874   896     918   940    966    1002   1024   1043   1071   1095

        1500       761    775       797      821   843     867   896     918   938    964    996    1024   1044   1065   1093   1119

        1600       771    787      807      835     861   889     918   938    958    992    1010   1042   1070   1095   1121   1147

        1700       785    797      821       857    881    907   944    966    990    1010   1034   1068   1102   1129   1155   1181

        1800      799     813       847      871   903    929    962    986    1006   1036   1064   1102   1134   1157   1185   1211

        1900       811    823       851      891   923    949    980    1004   1026   1060   1092   1120   1150   1173   1203   1229

        2000       817    837       871     901     931   967    992    1018   1046   1078   1108   1138   1168   1195   1221   1251

        2100       837    851      889       913   945     975   1002   1032   1062   1090   1118   1150   1180   1209   1235   1265

        2200      845     857      895      923     957   985    1014   1048   1076   1104   1134   1162   1192   1223   1255   1283

        2300      863     881       911      947    975   1005   1034   1066   1096   1126   1158   1186   1218   1253   1281   1311

        2400       881    897      933      965    995    1027   1058   1088   1118   1152   1180   1216   1250   1277   1309   1341

        2500       897     917     953      983    1017   1047   1078   1112   1144   1176   1208   1246   1274   1307   1339   1375

        2600       917    933      967      1001   1035   1067   1100   1134   1166   1200   1236   1268   1302   1335   1371   1401

        2700      933     949      985      1023   1055   1089   1122   1156   1188   1222   1262   1296   1330   1365   1397   1431

        2800      949     969     1005      1041   1075   1111   1144   1178   1214   1254   1288   1322   1360   1393   1427   1463

        2900      963     985      1021     1057   1093   1129   1166   1200   1244   1278   1316   1350   1386   1421   1459   1491

        3000      983    1005      1041     1079   1117   1151   1188   1230   1266   1306   1340   1376   1416   1451   1487   1523

        3100      1001   1021     1059      1099   1135   1173   1214   1252   1290   1326   1368   1404   1442   1477   1515   1555

        3200      1017   1037      1075     1117   1153   1193   1234   1276   1314   1352   1390   1432   1470   1507   1547   1589

        3300      1035   1055      1097     1133   1175   1219   1256   1296   1336   1378   1418   1454   1494   1537   1575

        3400      1053   1073      1113     1153   1199   1239   1282   1322   1358   1400   1440   1484   1526   1561   1605

        3500      1069   1089      1129     1173   1217   1261   1300   1346   1386   1428   1468   1510   1550   1589

        3600      1085    1107     1149     1197   1237   1281   1320   1362   1410   1450   1492   1536   1578

        3700      1103    1125     1169     1215   1259   1303   1344   1388   1430   1474   1520   1562   1606

        3800      1119   1145      1191     1233   1281   1321   1366   1410   1456   1502   1542   1590

        3900      1141    1167     1205     1255   1299   1343   1390   1434   1476   1522   1568   1620

        4000      1157    1181     1227     1273   1319   1363   1410   1454   1504   1550   1600

                   800    900     1000      1100   1200   1300   1400   1500   1600   1700   1800   1900   2000   2100   2200   2300




       94                        Prijslijst elementen
