                                                                             Voorzetrolluiken
                                                                            .P geëxtrudeerd
                                                                             RONDO | PENTO | QUADRO | INTEGO                        Plug & Play
                 2500 mm
                                                                                                                                    Motor RS100 io
                 Max. elementbreedte
                                                                                                                                    incl. Smoove
                                                                                                                                                          P
                 bij smalle geleiders
                                                                                                                                    RS100 io
                 met ALUMINO-lamel
                                                                                                                                    standaard
                                                                                                                                                     geëxtrudeerd

ALUMINO 34                               ALUMINO 37                               ALUMINO 44                                ALUMINO 52



2400    2500     2600    2700    2800     2900    3000     3100    3200    3300    3400    3500    3600     3700    3800     3900     4000

 1011   1032     1055    1082    1096      1117    1138    1163     1182   1207    1226    1249    1267     1290    1313     1334     1353   800

 1027   1048     1071    1096     1114    1135     1156    1181    1204    1227    1248    1267    1285     1310    1333     1354     1375   900

 1067   1094     1113    1134     1156    1179    1204     1229    1248    1271    1290    1319    1339     1360    1381     1404     1429   1000

 1107   1130     1151     1174    1202    1223     1248    1271    1292    1319    1340    1363    1383     1408    1433     1456     1479   1100

 1139   1164     1187    1212     1238    1259    1288     1313    1338    1363    1384    1409    1433     1456    1483     1504     1525   1200

 1179   1206     1233    1254     1282    1305    1334     1361    1388    1411    1438    1463    1487     1510    1533     1562     1585   1300

 1227   1256     1279    1310     1334    1363    1388     1411    1442    1469    1496    1517    1551     1578    1599     1630     1661   1400

 1249   1280     1307    1334    1360     1389     1414    1447     1476   1501    1526    1561    1585     1608    1639     1670     1697   1500

 1283   1316     1341    1370    1396     1429    1456     1485     1514   1547    1572    1601    1629     1656    1685     1714     1743   1600

 1327   1356     1385    1412     1446    1475    1502     1539    1562    1593    1622    1655    1681     1710    1737     1766     1801   1700

 1361   1390     1425    1450     1482    1513    1546     1577    1606    1635    1666    1699    1725     1754    1787     1816     1843   1800

 1381    1414    1445    1476    1500     1539     1570    1599    1632    1669    1702    1727    1759     1794    1827     1860     1893   1900

 1409   1438     1469    1498     1532    1567    1600     1631    1662    1693    1726    1763    1791     1824    1859     1892     1921   2000

 1421   1456     1487    1520     1552    1585     1618    1651    1684    1721    1752    1785    1817     1848    1885     1916     1951   2100

 1439    1474    1509    1540     1570    1609    1642     1675    1708    1745    1776    1809    1847     1876    1911     1942     1979   2200

 1473   1508     1541    1576    1608     1641     1676    1709     1746   1779    1814    1855    1885     1918    1953     1986     2019   2300

 1507   1542     1577    1614    1644     1681     1716    1751    1790    1827    1864    1899    1933     1972    2005     2042     2083   2400

 1541   1578     1615    1652    1682     1725     1756    1795    1838    1871    1908    1947    1985     2030    2069     2108     2149   2500

 1575   1614     1651    1686     1726    1757    1796     1845    1876    1915    1956    1989    2025    2060     2097                     2600

 1609   1648     1685    1728     1764    1803    1846     1883    1920    1963    1998    2035                                              2700

 1645   1684     1725    1764    1800     1845    1884     1923    1964    2001    2042    2083                                              2800

 1679   1722     1759    1800    1844     1887    1922     1965    2006    2047                                                              2900

 1715   1754     1795    1842     1882    1919    1964     2007    2048                                                                      3000

 1745   1790     1837    1880     1922    1959    2004     2051                                                                              3100

                                                                                                                                             3200
         Meer- en minderprijzen voor extra’s                               Meer- en minderprijzen voor extra’s
         Somfy OXIMO RTS/io & ILMO2 io incl.                   -22,00/E    Monobediening i.p.v. motor. Minderprijs             -304,00/E     3300
         wandzender. Minderprijs                                           Kunststofpantser. Minderprijs                       -52,00/m2
                                                                                                                                             3400
         Minderprijs excl. wandzender.                         -35,00/E    Motor met noodhandbediening. Meerprijs               68,00/St.
                                                                           Aandrijfcombi van 2 elementen met 1 motor          -326,20/St.    3500
         Motor OXIMO WT incl. schakelaar. Minderprijs         -134,00/E    RS100 io incl. RS100 io Smoove. Minderprijs
         Motor ILMO2 WT incl. schakelaar. Minderprijs         -152,00/E    Kastkoppeling van 2 elementen (per koppeling).       18,20/St.    3600
         Bandbediening i.p.v. motor. Minderprijs              -412,00/E    Meerprijs
                                                                                                                                             3700

                                                                                                                                             3800

                                                                                                                                             3900

                                                                                                                                             4000

2400    2500     2600    2700    2800     2900    3000     3100    3200    3300    3400    3500    3600     3700    3800     3900     4000


        Tip:
        De prijzen hebben betrekking op elementen met RS100 io
        incl. RS100 io Smoove en ALUMINO lamellen. De prijs is incl.
        design-onderlijst, RVS schroeven, aandrukveren en achterplaat.
                                                                                          Prijslijst
                                                                                          Prijslijst elementen
                                                                                                     elementen                                 83
