                                                                                 Voorzetrolluiken                                                  XP


                                                                                 .XP geëxtrudeerd                                              geëxtrudeerd

                                                                                 RONDO | PENTO | QUADRO | INTEGO              Plug & Play
                                                                                 Rolluiken met solaraandrijving (Somfy)
                                                                                                                              Motor RS100 io
                 2500 mm
                                                                                                                              incl. Smoove
                 max. elementbreedte
                                                                                                                              RS100 io
                 bij smalle geleiders met
                                                                                                                              standaard
                 ALUMINO-lamel


ALUMINO 34                               ALUMINO 37                              ALUMINO 44                           ALUMINO 52


2400    2500    2600     2700    2800     2900    3000    3100     3200   3300    3400    3500   3600   3700   3800    3900     4000
 1300   1319     1340    1366    1379     1400    1418     1441    1460   1482    1499    1522   1538   1559   1581    1600     1617   800

 1316   1335     1358    1380    1397     1418    1436    1459     1482   1502    1521    1540   1556   1579   1601    1620     1639   900

 1358   1383     1400    1420    1441     1462    1486    1509     1526   1548    1565    1594   1612   1631   1651    1672     1695   1000

 1398   1421     1440    1460    1489     1508    1530    1553     1572   1598    1617    1638   1658   1681   1703    1726     1747   1100

 1432   1455     1476    1500    1525     1546    1572    1595     1620   1642    1663    1686   1708   1731   1755    1774     1795   1200

 1472   1499     1524    1544    1571     1592    1620    1645     1672   1692    1717    1742   1764   1787   1807    1834     1857   1300

 1522   1551     1572    1602    1625     1652    1676    1697     1728   1752    1777    1798   1830   1857   1875    1906     1935   1400

 1544   1575    1600     1626    1651     1680    1702     1735    1762   1784    1809    1842   1866   1887   1917    1946     1971   1500

 1580   1613     1636    1662    1689     1720    1746     1773    1802   1832    1855    1884   1910   1937   1963    1992     2019   1600

 1626   1653     1682    1706     1741    1768    1792    1829     1850   1880    1907    1940   1964   1993   2017    2044     2079   1700

1660    1689     1722    1746    1777     1808    1838    1869     1896   1922    1953    1984   2010   2037   2069    2096     2123   1800

 1682   1713     1744    1772    1795     1834    1862    1891     1922   1958    1989    2014   2044   2079   2109    2142     2173   1900

 1710   1737     1768    1794    1829     1862    1894    1923     1954   1982    2015    2050   2078   2109   2143    2174     2201   2000

 1722   1755     1786    1816    1849     1880    1912    1943     1976   2010    2041    2072   2104   2133   2169    2198     2233   2100

 1740   1775     1808    1838    1867     1906    1936    1967     2000   2034    2065    2096   2134   2161   2195    2224     2261   2200

 1776   1809     1842    1874    1907     1938    1970    2003     2038   2070    2103    2144                                         2300

 1810   1845     1878    1914    1943     1980    2012    2047     2084   2120    2155    2190                                         2400

 1846   1881     1918    1952    1983     2024    2054                                                                                 2500

 1880   1919     1954    1988    2027                                                                                                  2600

 1916   1953    1990     2030                                                                                                          2700

 1952   1991    2030                                                                                                                   2800

 1988   2029                                                                                                                           2900

 2024   2063                                                                                                                           3000

2400    2500    2600     2700    2800     2900    3000    3100     3200   3300    3400    3500   3600   3700   3800    3900     4000




        Tip:
        De prijzen hebben betrekking op elementen met RS100 solar io
        incl. RS100 io Smoove en ALUMINO lamellen. De prijs is incl.
        Design-onderlijst, RVS schroeven, Aandrukveren en achterplaat.
                                                                                         Prijslijst elementen                            73
