Vlakke lamellen


  FL 60 / FL 80
                                                                                Gevel-buitenjaloezie
                                                                                vrijdragend
                                                                                                                                Motor Somfy io
                                     4000 mm                                                                                    incl. Smoove io.
                                     2 x windzekering bij GL
                                     vereist

3100   3200   3300   3400   3500   3600   3700   3800   3900   4000   4100   4200   4300 4400      4500 4600     4700   4800   4900   5000
1704   1718   1780   1802   1834   1852   1868   1906   1920   1946   1960   2020   2042 2060      2076 2092     2114   2128   2146   2182
                                                                                                                                             1000
1812   1826   1892   1916   1950   1970   1986   2028   2042   2070
1738   1756   1822   1836   1872   1888   1910   1946   1964   1976   1998   2064   2082    2096   2118   2138   2152   2174   2194   2230
                                                                                                                                             1100
1848   1868   1938   1952   1992   2008   2032   2070   2090   2102
1764   1780   1850   1868   1900   1920   1940   1974   1994   2016   2034   2100    2124   2140   2160   2182   2200   2214   2232   2270
                                                                                                                                             1200
1876   1892   1968   1986   2022   2042   2064   2100   2122   2146
1790   1810   1876   1896   1932   1950   1970   2008   2028   2046   2062   2132   2150    2170   2192   2210   2226   2248   2268   2304
                                                                                                                                             1300
1904   1924   1996   2016   2056   2074   2096   2136   2158   2178
1824   1842   1910   1930   1966   1984   2004   2042   2064   2086   2104   2180   2196    2214   2232   2254   2272   2292   2314   2350
                                                                                                                                             1400
1940   1960   2032   2054   2092   2110   2132   2174   2196   2220
1852   1872   1942   1960   1998   2016   2040   2082   2100   2118   2140   2212   2232    2252   2270   2290   2310   2334   2352   2396
                                                                                                                                             1500
1970   1992   2066   2086   2126   2146   2170   2216   2236   2254
1880   1900   1974   2000   2038   2056   2076   2116   2138   2158   2180   2254   2276    2292   2316   2336   2354   2378   2402   2442
                                                                                                                                             1600
2000   2022   2100   2128   2168   2188   2210   2252   2276   2298
1914   1934   2006   2028   2064   2086   2106   2148   2168   2192   2214   2288    2314   2332   2352   2374   2398   2416   2440   2484
                                                                                                                                             1700
2036   2058   2134   2158   2196   2220   2242   2286   2308   2334
1936   1956   2034   2056   2094   2116   2138   2180   2200   2220   2246   2322   2342    2364   2388   2408   2432   2454   2474   2516
                                                                                                                                             1800
2060   2082   2164   2188   2228   2252   2276   2320   2342   2364
1972   1994   2070   2090   2126   2150   2174   2220   2244   2266   2286   2362   2386    2406   2432   2454   2474   2496   2520   2562
                                                                                                                                             1900
2098   2122   2204   2224   2262   2288   2314   2364   2390   2412
1998   2018   2096   2118   2160   2184   2210   2248   2272   2300   2322   2398   2424    2444   2464   2492   2516   2582   2604   2648
                                                                                                                                             2000
2126   2148   2230   2254   2300   2324   2352   2394   2420   2450
2030   2056   2134   2158   2196   2220   2244   2290   2314   2340   2362   2440   2464    2492   2512   2582   2604   2630   2652   2694
                                                                                                                                             2100
2160   2188   2272   2298   2338   2364   2390   2438   2464   2492
2056   2080   2162   2188   2226   2252   2276   2320   2342   2368   2390   2468   2538    2564   2590   2618   2644   2666   2690   2732
                                                                                                                                             2200
2188   2214   2302   2330   2370   2398   2424   2470   2494   2522
2086   2110   2192   2214   2254   2280   2308   2350   2374   2398   2468   2552    2574   2602   2630   2652   2678   2702   2724   2772
                                                                                                                                             2300
2220   2246   2334   2358   2400   2428   2458   2502   2528   2554
2116   2140   2222   2248   2290   2320   2342   2390   2460   2486   2516   2596   2624    2648   2672   2694   2722   2756   2778   2820
                                                                                                                                             2400
2252   2278   2366   2394   2438   2470   2494   2546   2620   2648
2146   2168   2252   2276   2320   2342   2420   2464   2492   2518   2542   2626   2656    2682   2704   2732   2758   2780   2812   2858
                                                                                                                                             2500
2284   2308   2398   2424   2470   2494   2578   2624   2654   2682
2180   2204   2288   2320   2408   2434   2460   2508   2536   2562   2590   2674   2702    2724   2756   2778   2812   2834   2866 2908
                                                                                                                                             2600
2320   2346   2436   2470   2564   2592   2620   2672   2702   2730
2200   2230   2320   2392   2434   2460   2486   2538   2564   2590   2616   2704   2732    2760   2788   2814   2840   2868   2896   2942
                                                                                                                                             2700
2342   2374   2470   2548   2592   2620   2648   2704   2732   2760
2226   2302   2388   2420   2462   2492   2518   2564   2590   2618   2648   2738   2766    2790   2818   2844   2878   2904   2932   2974
                                                                                                                                             2800
2370   2452   2544   2578   2622   2654   2682   2732   2760   2790
2316   2342   2430   2456   2508   2532   2562   2612   2638   2666   2692   2780    2812   2840   2870   2898   2928   2952   2984 3030
                                                                                                                                             2900
2466   2494   2588   2616   2672   2698   2730   2782   2810   2840
2336   2368   2456   2484   2530   2560   2588   2636   2666   2694   2722   2818   2844    2876 2900     2934 2960 2990       3018 3066
                                                                                                                                             3000




                                                                                                                                                    Gevel-buitenjaloezie
2488   2522   2616   2646   2696   2728   2758   2808   2840   2870
2362   2390   2476   2510   2554   2582   2616   2660   2692   2722   2756   2842   2876    2904   2934   2964   2994   3020   3052 3094
                                                                                                                                             3100
2516   2546   2638   2674   2720   2750   2788   2834   2868   2900
2496   2526   2618   2648   2700   2724   2758   2808   2834   2866   2896   2994   3024    3054   3082   3114   3144   3174   3332   3382
                                                                                                                                             3200
2658   2690   2790   2822   2878   2902   2940   2992   3020   3054
2526   2554   2648   2674   2722   2750   2788   2834   2868   2896   2928   3020   3054    3082   3116   3146 3306     3334   3364   3420
                                                                                                                                             3300
2690   2720   2822   2850   2900   2930   2972   3020   3056   3086
2554   2582   2678   2710   2760   2794   2824   2876   2904   2934   2968 3062 3092        3126   3286   3314   3350   3386   3416   3464
                                                                                                                                             3400
2720   2750   2854   2888   2942   2978   3010   3066   3096   3128
2584   2616   2710   2744   2794   2824   2858   2906   2938   2968   3004   3104   3134    3298   3326   3358 3390     3422   3450   3508
                                                                                                                                             3500
2752   2788   2888   2924   2978   3010   3046   3098   3132   3164
2612   2640   2736   2770   2818   2848   2880   2932   2964   3000   3030   3258   3292    3322   3356   3388   3422   3460   3490   3540
                                                                                                                                             3600
2782   2812   2916   2952   3004   3036   3070   3126   3160   3198
2640   2672   2772   2802   2850   2886   2920   2972   3006   3040   3200   3302   3334    3368   3404   3438   3466   3502   3530   3584
                                                                                                                                             3700
2812   2848   2954   2986   3038   3076   3112   3168   3204   3240
2670   2700   2802   2834   2886   2920   2952   3006   3168   3202   3244   3340    3374 3406     3438   3474   3510   3540   3572   3626
                                                                                                                                             3800
2846   2878   2986   3020   3076   3112   3146   3204   3378   3414
2704   2738   2834   2870   2922   2954   2990   3178   3210   3246   3276   3382    3416   3450   3486   3518   3552   3584   3618   3676
                                                                                                                                             3900
2882   2918   3020   3060   3114   3148   3188   3388   3422   3462
2728   2764   2868   2904   2954   2990   3150   3206   3246   3276   3310   3416   3448    3484   3516   3556   3596   3626 3660     3714
                                                                                                                                             4000
2908   2946   3056   3096   3148   3188   3358   3418   3462   3494
2756   2790   2890   2930   2984   3144   3182   3238   3270   3308   3342   3446   3484    3518   3552   3590   3624   3658   3692   3756
                                                                                                                                             4100
2938   2974   3080   3124   3180   3352   3392   3452   3488   3528
2788   2824   2930   2960   3146   3182   3214   3270   3308   3350   3388   3490   3526    3560 3602     3634   3670   3710   3744   3798
                                                                                                                                             4200
2972   3010   3124   3156   3354   3392   3428   3488   3528   3572
2814   2850   2954   3124   3178   3210   3250   3306   3342   3382   3420   3526   3566 3602      3636   3672   3706   3744   3780   3844
                                                                                                                                             4300
3000   3038   3148   3330   3388   3422   3466   3526   3564   3606
2844   2886   3118   3166   3214   3254   3290   3344   3382   3420   3462   3568 3606 3644 3680          3722   3758   3792   3830   3886
                                                                                                                                             4400
3032   3076   3324   3376   3428   3470   3508   3566   3606   3648
2870   3042   3148   3186   3244   3276   3318   3378   3416   3450   3490 3602     3636    3672   3712   3748   3788   3826 3864     3918
                                                                                                                                             4500
3060   3244   3356   3398   3460   3494   3538   3602   3644   3680
3028   3066   3178   3214   3270   3314   3354   3406   3446   3486   3522   3634   3670    3710   3748   3788   3830 3866 3904 3960
                                                                                                                                             4600
3070   3108   3214   3254 3308     3350   3386   3446   3490   3526   3566   3676    3712   3754   3796   3832   3872   3912   3950 4006
                                                                                                                                             4700
3088   3128   3246   3280   3340   3376   3416   3476   3514   3556   3598   3706    3746   3788   3824 3866 3906       3950   3988   4046
                                                                                                                                             4800
3116   3156   3268   3310   3368 3406     3448   3508   3548   3586 3630     3742   3780    3824 3864 3904       3942   3984   4022 4080
                                                                                                                                             4900
3150   3192   3302   3342   3404   3446   3490   3548   3586   3626 3668     3788   3826 3866 3908        3950   3988   4028   4074   4132
                                                                                                                                             5000
3100   3200   3300   3400   3500   3600   3700   3800   3900   4000   4100   4200    4300   4400   4500   4600   4700   4800   4900   5000




                                                                                    Prijslijst elementen                 203           203
