2025                              Kastmaten
                                  Meerprijs 420 x 260 / 420 x 290                           +24,00/St.m




       Blauw: Elementprijs met Linksroller-variant
       Zwart: Elementprijs met Rechtsroller-variant, klinkervariant en geïntegreerde insectenhor. Optionele insectenhor achteraf in te bouwen

        Elementhoogte in mm
                  Elementbreedte in mm



               1000 1100 1200 1300 1400 1500 1600 1700 1800 1900 2000 2100 2200 2300 2400 2500 2600 2700 2800 2900 3000
               1328 1372 1416 1458 1500 1564 1606 1650 1692 1734 1742 1766 1806 1850 1888 1930 1954 1996 2036 2074 2168
        1000
               1368 1412 1456 1498 1540 1604 1646 1690 1732 1774 1782 1806 1846 1890 1928 1970 1994 2036 2076 2114 2208
               1354 1400 1442 1486 1524 1592 1634 1684 1722 1766 1776 1800 1844 1884 1922 1966 1994 2030 2076 2116 2206
        1100
               1398 1444 1486 1530 1568 1636 1678 1728 1766 1810 1820 1844 1888 1928 1966 2010 2038 2074 2120 2160 2250
               1380 1422 1468 1512 1556 1620 1664 1712 1754 1796 1808 1834 1876 1916 1960 2004 2028 2070 2114 2156 2248
        1200
               1428 1470 1516 1560 1604 1668 1712 1760 1802 1844 1856 1882 1924 1964 2008 2052 2076 2118 2162 2204 2296
               1400 1446 1494 1538 1582 1648 1694 1738 1782 1832 1842 1866 1914 1954 1996 2040 2068 2108 2154 2196 2292
        1300
               1452 1498 1546 1590 1634 1700 1746 1790 1834 1884 1894 1918 1966 2006 2048 2092 2120 2160 2206 2248 2344
               1424 1470 1516 1562 1608 1676 1720 1766 1816 1862 1872 1898 1944 1986 2030 2076 2104 2148 2194 2238 2332
        1400
               1480 1526 1572 1618 1664 1732 1776 1822 1872 1918 1928 1954 2000 2042 2086 2132 2160 2204 2250 2294 2388
               1446 1494 1542 1586 1634 1702 1746 1800 1846 1890 1904 1932 1976 2024 2068 2114 2142 2186 2234 2274 2374
        1500
               1506 1554 1602 1646 1694 1762 1806 1860 1906 1950 1964 1992 2036 2084 2128 2174 2202 2246 2294 2334 2434
               1470 1516 1566 1614 1662 1730 1780 1826 1872 1926 1938 1964 2014 2060 2104 2150 2178 2226 2270 2318 2414
        1600
               1534 1580 1630 1678 1726 1794 1844 1890 1936 1990 2002 2028 2078 2124 2168 2214 2242 2290 2334 2382 2478
               1492 1544 1590 1642 1690 1760 1806 1854 1906 1954 1970 2000 2046 2092 2140 2186 2218 2264 2312 2356 2454
        1700
               1560 1612 1658 1710 1758 1828 1874 1922 1974 2022 2038 2068 2114 2160 2208 2254 2286 2332 2380 2424 2522
               1516 1566 1620 1666 1714 1786 1834 1888 1936 1986 2002 2030 2082 2128 2176 2224 2256 2304 2350 2400 2498
        1800
               1588 1638 1692 1738 1786 1858 1906 1960 2008 2058 2074 2102 2154 2200 2248 2296 2328 2376 2422 2472 2570
               1538 1590 1642 1690 1742 1810 1866 1916 1964 2018 2032 2066 2114 2162 2212 2260 2292 2338 2392 2440 2538
        1900
               1614 1666 1718 1766 1818 1886 1942 1992 2040 2094 2108 2142 2190 2238 2288 2336 2368 2414 2468 2516 2614
               1562 1618 1664 1718 1768 1844 1892 1944 1998 2046 2066 2096 2150 2196 2248 2296 2328 2380 2426 2478 2578
        2000
               1642 1698 1744 1798 1848 1924 1972 2024 2078 2126 2146 2176 2230 2276 2328 2376 2408 2460 2506 2558 2658
               1586 1640 1692 1742 1794 1868 1920 1976 2026 2080 2096 2130 2180 2234 2282 2332 2370 2416 2468 2520 2620
        2100
               1670 1724 1776 1826 1878 1952 2004 2060 2110 2164 2180 2214 2264 2318 2366 2416 2454 2500 2552 2604 2704
               1608 1662 1716 1768 1822 1894 1950 2004 2054 2110 2128 2162 2218 2266 2314 2372 2402 2458 2506 2558 2660
        2200
               1696 1750 1804 1856 1910 1982 2038 2092 2142 2198 2216 2250 2306 2354 2402 2460 2490 2546 2594 2646 2748
               1630 1690 1740 1796 1850 1926 1976 2032 2088 2142 2162 2198 2250 2302 2352 2404 2444 2492 2548 2600 2704
        2300
               1722 1782 1832 1888 1942 2018 2068 2124 2180 2234 2254 2290 2342 2394 2444 2496 2536 2584 2640 2692 2796
               1656 1712 1764 1820 1874 1952 2006 2066 2118 2172 2194 2230 2282 2336 2388 2446 2480 2532 2586 2640 2744
        2400
               1752 1808 1860 1916 1970 2048 2102 2162 2214 2268 2290 2326 2378 2432 2484 2542 2576 2628 2682 2736 2840
               1676 1734 1794 1846 1900 1978 2032 2092 2150 2202 2226 2260 2318 2372 2424 2480 2520 2570 2626 2678 2786
        2500
               1776 1834 1894 1946 2000 2078 2132 2192 2250 2302 2326 2360 2418 2472 2524 2580 2620 2670 2726 2778 2886
               1700 1760 1816 1872 1930 2006 2064 2120 2178 2236 2258 2296 2350 2406 2460 2516 2554 2610 2666 2720 2824
        2600
               1804 1864 1920 1976 2034 2110 2168 2224 2282 2340 2362 2400 2454 2510 2564 2620 2658 2714 2770 2824 2928
               1728 1790 1848 1906 1964 2044 2102 2162 2222 2278 2304 2340 2400 2456 2512 2568 2610 2666 2722 2778 2886
        2700
               1836 1898 1956 2014 2072 2152 2210 2270 2330 2386 2412 2448 2508 2564 2620 2676 2718 2774 2830 2886 2994
               1754 1812 1872 1932 1992 2072 2128 2194 2248 2312 2336 2378 2434 2490 2548 2608 2646 2704 2764 2820 2928
        2800
               1866 1924 1984 2044 2104 2184 2240 2306 2360 2424 2448 2490 2546 2602 2660 2720 2758 2816 2876 2932 3040
               1778 1840 1898 1958 2018 2098 2160 2222 2282 2340 2368 2406 2468 2526 2582 2642 2686 2744 2800 2860 2970
        2900
               1894 1956 2014 2074 2134 2214 2276 2338 2398 2456 2484 2522 2584 2642 2698 2758 2802 2860 2916 2976 3086
               1822 1884 1944 2006 2068 2128 2186 2248 2312 2374 2438 2494 2556 2616 2676 2734 2776 2836 2898 2952 3064
        3000
               1942 2004 2064 2126 2188 2248 2306 2368 2432 2494 2558 2614 2676 2736 2796 2854 2896 2956 3018 3072 3184
               1846 1906 1972 2032 2092 2156 2216 2280 2340 2404 2468 2530 2592 2648 2708 2772 2816 2874 2934 2994 3104
        3100
               1970 2030 2096 2156 2216 2280 2340 2404 2464 2528 2592 2654 2716 2772 2832 2896 2940 2998 3058 3118 3228
               1868 1932 1996 2060 2120 2182 2246 2310 2374 2434 2500 2564 2624 2684 2746 2806 2852 2912 2974 3034 3148
        3200
               1996 2060 2124 2188 2248 2310 2374 2438 2502 2562 2628 2692 2752 2812 2874 2934 2980 3040 3102 3162 3276
               1892 1958 2020 2082 2148 2206 2272 2338 2402 2466 2534 2598 2656 2720 2778 2844 2890 2950 3014 3076 3188
        3300
               2024 2090 2152 2214 2280 2338 2404 2470 2534 2598 2666 2730 2788 2852 2910 2976 3022 3082 3146 3208 3320
               1914 1978 2044 2110 2172 2240 2302 2370 2434 2498 2564 2626 2696 2754 2818 2880 2928 2990 3054 3118 3230
        3400
               2050 2114 2180 2246 2308 2376 2438 2506 2570 2634 2700 2762 2832 2890 2954 3016 3064 3126 3190 3254 3366
               1938 2006 2070 2136 2202 2264 2332 2398 2462 2530 2598 2660 2726 2792 2852 2920 2962 3026 3094 3154 3272
        3500
               2078 2146 2210 2276 2342 2404 2472 2538 2602 2670 2738 2800 2866 2932 2992 3060 3102 3166 3234 3294 3412
                1974 2042 2112 2182 2246 2316 2382 2456 2522 2590 2658 2724 2794 2860 2926 2992 3044 3106 3176 3240 3360
        3600
                2118 2186 2256 2326 2390 2460 2526 2600 2666 2734 2802 2868 2938 3004 3070 3136 3188 3250 3320 3384 3504
               1998 2070 2136 2204 2274 2344 2412 2482 2550 2620 2692 2762 2828 2898 2962 3030 3080 3148 3214 3282 3400
        3700
               2146 2218 2284 2352 2422 2492 2560 2630 2698 2768 2840 2910 2976 3046 3110 3178 3228 3296 3362 3430 3548
               1000 1100 1200 1300 1400 1500 1600 1700 1800 1900 2000 2100 2200 2300 2400 2500 2600 2700 2800 2900 3000




       266                     Prijslijst elementen
