                                         Z-lamellen               S-lamellen           Gekraalde lamellen              Gekraalde lamellen
2025
                                          ZL 81                  DBL 70 / DBL 85              GL 85                             GL 60




       Blauw: Elementprijs met GL/FL
       Zwart: Elementprijs met ZL/DBL                                                                                    3000 mm
        Elementhoogte in mm                                                                                              1 x windzekering bij
                   Elementbreedte in mm                                                                                  ZL, DBL en GL vereist

            1000    1100   1200   1300    1400 1500 1600 1700 1800 1900 2000 2100 2200 2300 2400 2500 2600 2700 2800 2900 3000
            1208    1226   1244   1262    1300 1358 1378 1396 1410 1430 1450 1464 1478 1498 1564 1582 1614 1636 1650 1670 1686
       1000
            1280    1300   1320   1338    1380 1442 1462 1482 1496 1518 1540 1554 1570 1590 1662 1680 1716 1738 1754 1776 1792
            1218    1246   1262   1280    1318 1380 1396 1414 1432 1454 1466 1484 1506 1520 1586 1606 1648 1668 1684 1702 1718
       1100
            1292    1322   1338   1358    1398 1464 1482 1502 1520 1544 1556 1576 1600 1614 1686 1706 1752 1772 1790 1810 1826
            1236    1258   1278   1298    1336 1402 1420 1438 1456 1474 1494 1514 1530 1548 1616 1634 1674 1694 1712 1730 1748
       1200
            1310    1334   1356   1376    1418 1488 1508 1526 1546 1566 1586 1608 1626 1644 1718 1736 1780 1800 1820 1840 1858
            1254    1278   1296   1316    1352 1414 1432 1456 1474 1492 1514 1530 1548 1566 1638 1656 1694 1712 1730 1748 1766
       1300
            1330    1356   1374   1396    1434 1502 1520 1546 1566 1584 1608 1626 1644 1664 1740 1760 1800 1820 1840 1858 1878
            1268    1288   1314   1332    1368 1438 1458 1476 1494 1514 1530 1552 1574 1594 1660 1686 1724 1742 1764 1780 1800
       1400
            1344    1366   1394   1414    1452 1526 1548 1568 1586 1608 1626 1648 1672 1694 1764 1792 1832 1852 1876 1892 1914
            1286    1314   1332   1348    1388 1456 1474 1498 1520 1538 1562 1582 1598 1618 1692 1710 1748 1766 1790 1812 1832
       1500
            1364    1394   1414   1430    1474 1546 1566 1590 1614 1634 1660 1680 1698 1720 1798 1818 1858 1878 1904 1926 1948
            1298    1324   1344   1368    1410 1478 1500 1518 1538 1562 1582 1602 1624 1644 1714 1736 1776 1798 1824 1842 1862
       1600
            1376    1404   1426   1452    1496 1570 1594 1612 1634 1660 1680 1702 1726 1748 1822 1846 1888 1912 1940 1960 1980
            1322    1344   1366   1386    1422 1498 1518 1538 1564 1584 1602 1624 1644 1670 1746 1766 1810 1826 1846 1868 1894
       1700
            1402    1426   1450   1472    1510 1590 1612 1634 1662 1682 1702 1726 1748 1776 1856 1878 1924 1942 1964 1986 2014
            1332    1354   1376   1396    1444 1514 1534 1554 1578 1598 1624 1648 1670 1692 1764 1788 1826 1852 1876 1894 1914
       1800
            1414    1436   1460   1482    1534 1608 1630 1650 1676 1698 1726 1752 1776 1798 1876 1902 1942 1970 1996 2014 2036
            1344    1376   1396   1416    1458 1534 1554 1578 1602 1626 1648 1670 1692 1712 1790 1816 1854 1878 1898 1922 1946
       1900
            1426    1460   1482   1504    1548 1630 1650 1676 1702 1728 1752 1776 1798 1820 1904 1932 1972 1998 2018 2044 2070
            1362    1388   1408   1438    1478 1552 1574 1596 1624 1644 1672 1694 1714 1738 1822 1842 1880 1906 1932 1952 1972
       2000
            1446    1474   1494   1526    1570 1648 1672 1696 1726 1748 1778 1800 1822 1848 1938 1960 2000 2028 2056 2076 2098
            1378    1408   1430   1456    1498 1574 1596 1618 1648 1670 1694 1714 1738 1766 1844 1868 1912 1936 1956 1982 2006
       2100
            1462    1494   1518   1546    1590 1672 1696 1720 1752 1776 1800 1822 1848 1878 1962 1986 2034 2060 2082 2108 2134
            1394    1420   1446   1474    1516 1594 1616 1640 1660 1692 1712 1736 1760 1788 1864 1886 1936 1956 1984 2008 2034
       2200
            1480    1508   1536   1566    1610 1694 1718 1742 1764 1798 1820 1846 1872 1902 1982 2006 2060 2082 2110 2136 2164
            1410    1442   1464   1486    1530 1606 1634 1656 1684 1706 1730 1758 1780 1810 1894 1918 1960 1984 2008 2030 2062
       2300
            1496    1532   1554   1578    1626 1706 1736 1760 1790 1814 1840 1870 1892 1924 2014 2040 2086 2110 2136 2160 2194
            1422    1456   1478   1506    1550 1634 1656 1684 1706 1730 1756 1788 1812 1834 1918 1946 1986 2012 2042 2070 2092
       2400
            1510    1546   1570   1600    1646 1736 1760 1790 1814 1840 1868 1902 1926 1950 2040 2070 2114 2140 2174 2204 2226
            1442    1466   1494   1518    1566 1644 1672 1704 1726 1754 1778 1802 1830 1858 1942 1966 2008 2040 2064 2090 2116
       2500
            1532    1556   1586   1612    1664 1748 1778 1812 1834 1864 1890 1916 1946 1976 2066 2092 2136 2170 2196 2224 2252
            1456    1484   1514   1536    1586 1672 1696 1724 1748 1776 1800 1832 1854 1886 1972 2000 2042 2074 2096 2126 2150
       2600
            1546    1576   1608   1632    1686 1778 1802 1832 1858 1888 1914 1948 1972 2006 2098 2128 2174 2208 2230 2262 2288
            1472    1500   1530   1554    1602 1686 1714 1738 1770 1798 1826 1850 1878 1906 1992 2020 2070 2092 2118 2148 2170
       2700
            1564    1594   1626   1650    1702 1792 1822 1848 1882 1912 1942 1968 1998 2028 2120 2150 2204 2226 2254 2286 2310
            1484    1516   1542   1572    1618 1704 1730 1758 1790 1816 1844 1872 1898 1930 2012 2038 2090 2118 2148 2170 2200
       2800
            1576    1610   1638   1670    1720 1812 1840 1870 1904 1932 1962 1992 2018 2054 2140 2168 2224 2254 2286 2310 2342
            1506    1536   1566   1594    1640 1726 1756 1780 1814 1842 1868 1896 1922 1952 2042 2074 2124 2150 2180 2204 2234
       2900
            1600    1632   1664   1694    1742 1834 1868 1892 1930 1960 1986 2016 2044 2076 2174 2208 2260 2288 2320 2346 2378
            1516    1552   1582   1612    1658 1742 1774 1800 1830 1858 1888 1918 1950 1974 2070 2094 2148 2174 2202 2230 2308
       3000
            1610    1648   1680   1712    1762 1852 1886 1914 1946 1976 2008 2040 2074 2100 2204 2228 2286 2314 2344 2374 2458
            1528    1566   1594   1624    1670 1758 1788 1822 1846 1878 1910 1940 1966 1994 2090 2118 2168 2196 2226 2302 2332
       3100
            1624    1664   1694   1726    1776 1870 1902 1938 1964 1998 2032 2064 2092 2122 2224 2254 2308 2338 2370 2452 2484
            1644    1678   1710   1738    1792 1884 1912 1942 1972 2004 2030 2062 2094 2124 2216 2248 2300 2328 2406 2434 2464
       3200
            1748    1784   1818   1848    1906 2004 2034 2066 2098 2132 2160 2194 2228 2260 2360 2394 2450 2480 2562 2592 2624
            1660    1696   1726   1758    1810 1896 1930 1960 1994 2026 2056 2082 2114 2148 2238 2270 2320 2396 2428 2456 2494
       3300
            1764    1802   1834   1870    1924 2016 2054 2086 2122 2156 2188 2216 2250 2286 2382 2418 2470 2552 2586 2616 2656
            1684    1714   1746   1776    1832 1920 1952 1982 2012 2042 2074 2106 2140 2170 2268 2300 2396 2428 2460 2492 2526
       3400
            1790    1822   1856   1888    1948 2042 2076 2108 2140 2174 2208 2242 2278 2310 2414 2450 2552 2586 2620 2654 2690
            1696    1730   1760   1794    1844 1940 1972 2004 2038 2070 2096 2128 2160 2196 2292 2372 2424 2456 2486 2518 2552
       3500
            1802    1840   1872   1908    1962 2064 2098 2132 2168 2204 2230 2266 2300 2338 2440 2526 2582 2616 2648 2682 2718
            1706    1746   1776   1812    1862 1954 1984 2018 2048 2080 2116 2152 2184 2214 2356 2392 2442 2476 2510 2548 2574
       3600
            1814    1856   1888   1926    1980 2078 2110 2148 2180 2214 2252 2290 2324 2358 2510 2548 2602 2638 2674 2714 2742
            1722    1760   1794   1826    1878 1974 2006 2040 2076 2110 2140 2174 2204 2286 2388 2424 2474 2510 2538 2572 2604
       3700
            1830    1872   1908   1942    1998 2100 2134 2170 2210 2246 2278 2314 2346 2434 2544 2582 2636 2674 2704 2740 2774
            1738    1776   1812   1846    1898 1998 2028 2062 2094 2128 2166 2200 2280 2314 2412 2448 2498 2536 2568 2600 2636
       3800
            1848    1888   1926   1964    2018 2126 2158 2194 2228 2266 2306 2342 2428 2464 2568 2608 2660 2702 2736 2770 2808
            1754    1794   1830   1862    1914 2016 2048 2082 2118 2152 2188 2220 2308 2340 2442 2474 2528 2562 2592 2632 2666
       3900
            1864    1908   1946   1980    2036 2146 2180 2216 2254 2290 2330 2364 2458 2492 2602 2636 2694 2730 2762 2804 2840
            1770    1812   1844   1884    1940 2038 2072 2106 2140 2180 2212 2292 2328 2362 2464 2498 2560 2590 2626 2658 2694
       4000
            1882    1926   1962   2004    2064 2168 2206 2242 2278 2320 2354 2440 2480 2516 2624 2660 2728 2760 2798 2832 2870
            1790    1830   1862   1896    1952 2054 2086 2124 2160 2194 2272 2310 2344 2378 2486 2526 2580 2614 2648 2682 2720
       4100
            1904    1946   1980   2016    2076 2186 2220 2260 2300 2336 2420 2460 2496 2532 2648 2690 2748 2786 2822 2858 2898
            1800    1844   1878   1914    1970 2074 2106 2146 2180 2214 2300 2336 2372 2408 2516 2550 2602 2640 2684 2714 2756
       4200
            1914    1962   1998   2036    2096 2208 2242 2284 2320 2358 2450 2488 2526 2564 2680 2716 2772 2812 2860 2892 2938
            1822    1858   1896   1932    1986 2090 2126 2166 2202 2288 2322 2356 2396 2434 2542 2580 2636 2670 2704 2744 2780
       4300
            1938    1976   2016   2056    2114 2224 2262 2306 2344 2436 2472 2510 2552 2592 2708 2748 2808 2846 2882 2924 2962
            1832    1876   1914   1952    2008 2114 2150 2188 2222 2310 2342 2388 2424 2460 2570 2604 2660 2702 2736 2772 2810
       4400
            1948    1996   2036   2076    2136 2250 2288 2330 2366 2460 2494 2544 2582 2620 2738 2774 2834 2880 2916 2954 2994
            1846    1886   1932   1966    2020 2128 2166 2202 2290 2328 2364 2402 2440 2476 2584 2626 2682 2722 2760 2798 2832
       4500
            1964    2006   2056   2092    2150 2266 2306 2344 2438 2480 2518 2558 2598 2638 2752 2798 2858 2900 2942 2982 3018
            1862    1906   1942   1982    2042 2150 2188 2222 2310 2344 2388 2428 2464 2504 2614 2650 2708 2748 2788 2824 2866
       4600
              1878 1930 1964 2004 2062 2166 2210 2292 2334 2374 2410 2450 2486 2528 2640 2682 2738 2778 2814 2854 3024
       4700
              1896 1940 1976 2018 2076 2184 2222 2314 2350 2390 2432 2472 2510 2550 2660 2702 2766 2808 2842 3010 3052
       4800
              1910 1954 1994 2030 2092 2202 2290 2334 2372 2410 2450 2492 2532 2572 2690 2728 2788 2828 2998 3036 3074
       4900
              1922 1966 2012 2054         2110 2222 2314 2352 2396 2434        2474 2516 2562 2600 2714 2758 2814 2854 3026 3066 3108
       5000
              1000 1100 1200 1300 1400 1500 1600 1700 1800 1900 2000 2100 2200 2300 2400 2500 2600 2700 2800 2900 3000

              Koofprijzen zie pagina 190
                                                                                       Opmerking:
              Draadloze motoren, elektronische motoren zie pagina (190)
                                                                                       De prijzen hebben betrekking op elementen met io-motor.

       202                    Prijslijst elementen                                     De prijs is inclusief roestvrijstalen schroeven, smoove io
                                                                                       wandzender.
