                                                                                                           Rolhekken
2025
                                                                                                           PROTEGO B1, B2, F1
                                                                                                           Kast | Zij-consolen




                                                                                                 G72 / G82 met geleider 114 x 29 mm
       PROTEGO F1 (met aanrolsysteem)
         Elementhoogte in mm                                                               G77                            G77
                                                                                           Geleider 104 x 34 mm           Geleider 134 x 35 mm
                      Elementbreedte in mm

              2000   2200   2400    2600 2800 3000 3200 3400 3600 3800 4000 4200 4400 4600 4800 5000 5200 5400 5600
              3584   3918   4200    4318 4574 4830 5164 5422 5676 5932 6184 6462 6720 6974 7230 7486 7734 7992
       2000   3868   4154   4506    4708 4996 5280 5562 5894 6178 6504 6784                                                2000
              3868   4154   4506    4708 4996 5280 5562 5894 6178 6504 6784 6990 7272 7558
              3894   4164   4362    4614 4972 5246 5518 5800 6174 6366 6644 6920 7192 7468 8042 8320 8598 8766
       2200   4132   4508   4734    5040 5350 5656 6006 6316 6666 6888 7194                                                2200
              4132   4508   4734    5040 5350 5656 6006 6316 6666 6888 7194 7614 7920 8228
              4120   4316   4600    4976 5264 5556 5846 6162 6454 6744 7036 7328 7920 8212 8500 8688 8980 9554
       2400   4428   4704   5034    5360 5682 6014 6386 6670 6996 7376 7704                                                2400
              4428   4704   5034    5360 5682 6014 6386 6670 6996 7376 7704 8082 8410 8740
              4260   4556   4952    5256 5564 5980 6200 6512 6820 7022 7734 8046 8356 8554 9150 9450 9764
       2600   4646   4984   5336    5678 6068 6414 6718 7122 7472 7822 8164                                                2600
              4646   4984   5336    5678 6068 6414 6718 7122 7472 7822 8164 8560 8910 9454
              4482   4912   5224    5552 5790 6230 6558 6884 7210 7436 8172 8390 9004 9334 9662 9990
       2800   4900   5274   5646    6054 6380 6752 7176 7546 7918 8290 8708                                                2800
              4900   5274   5646    6054 6380 6752 7176 7546 7918 8290 8708 9276 9648 10022
              4798   5168   5496    5766 6220 6572 6924 7576 7926 8168 8522 9158 9508 9856 10206
       3000   5162   5558   5996    6352 6748 7192 7592 7986 8432 8718 8654                                                3000
                                                                                                 Tot 2800 mm
              5162   5558   5996    6352 6748 7192 7592 7986 8432 8718 8654 9816 10212 10606
              5022   5428   5704    6188 6568 6948 7628 8004 8280 8940 9322 9700 10074           elementhoogte uitsluitend
       3200   5426   5896   6282    6706 7186 7614 8038 8516 8994 9418 9848                      leverbaar met besturings- 3200
              5426   5896   6282    6706 7186 7614 8038 8516 8994 9418 9848 10424 11126 11554    pakket T1 + T2
              5258   5574   5970    6474 7174 7576 7972 8368 8942 9344 9740                      (Dodemanssturing).
       3400   5728   6136   6582    7030 7538 7984 8486 8980 9432 9878 10470                     Uitzondering: Het oprol-  3400
              5728   6136   6582    7030 7538 7984 8486 8980 9432 9878 10470 11202 11498 11938
                                                                                                 bereik wordt in het werk
              5408   5930   6350    6768 7490 7908 8502 8920 9344 9760
       3600   5946   6422   6890     7418 7890 8362 8932 9408 9880 10642 11118                   door een kast afge-       3600
              5946   6422   6890     7418 7890 8362 8932 9408 9880 10642 11118 11554             schermd.
              5638   6180   6616    7352 7790 8402 8842 9278 9710
       3800   6208   6702   7246    7738 8234 8824 9318 9812 10590 10960 11484                                             3800
              6208   6702   7246    7738 8234 8824 9318 9812 10590 10960 11484
              5974   6434   6890    7646 7996 8736 9192
       4000   6472   6990   7558    8072 8688 9202 9720 10516 10892 11272 11642                                            4000
              6472   6990   7558    8072 8688 9202 9720 10516 10892 11272
              6202   6684   7462    7834 8590 9072
       4200   6732   7326   7862    8500 9040 9578 10410 10806 11048 11870 12406                                           4200
              6732   7326   7862    8500 9040 9578 10410 10806
              6442   7130   7630    8408 8906
       4400   7068   7610    8116   8836 9396 10226 10676 10946 11776 12194 12740                                          4400
              7068   7610    8116   8836 9396 10226 10676
              6970   7482   8180    8702
       4600   7308   7944   8578    9166 10006 10492 10940 11640 12076 12530                                               4600
              7308   7944   8578    9166 10006 10492 10940
              7202   7634   8452    8972
       4800   7568   8126   8886    9638 10270 10742 11456 11920 12388                                                     4800
              7568   8126   8886    9638 10270 10742

       5000   8080   8710   9346 10060 10626 11224 11856 12492                                                                                        5000
              8080   8710   9346 10060 10626

       5200   8340 8996 9666 10340 10946 11600 12256                                                                                                  5200
              8340 8996 9666 10340

       5400   8604   9274   9940 10624 11302 11980 12658                                                                                              5400
              8604   9274   9940 10624

       5600   8856   9548 10250 10952 11656 12360                                                                                                     5600
              8856   9548 10250

       5800   9168   9832 10558 11282 12010                                                                                                           5800
              9168   9832 10558                                                                                                  met rolhektype G77
                                                                                                                                 met rolhektype G82
       6000   9432 10116 10868 11612 12364                                                                                                            6000
                                                                                                                                 met rolhektype G72
              9432 10116
              2000 2200 2400 2600 2800          3000   3200   3400   3600   3800   4000   4200    4400   4600   4800    5000     5200   5400   5600




       Alle ROMA-Rolhekken voldoen aan de roldeurennorm DIN EN 13241-1.




       314                   Prijslijst elementen
