                                                                                 Raffstore
                                                                                 .P geëxtrudeerd
                                                                                 RONDO | PENTO | QUADRO | INTEGO                                 Raffstoren

                                                                                                                                   Motor
                                                           3000 mm
                                                           1x windzekering bij
                                                           DBL, ZL en GL aanbevolen


 2400    2500    2600     2700    2800     2900   3000     3100   3200    3300    3400     3500    3600    3700     3800   3900    4000
 1306    1334    1358     1386    1404     1426   1454     1480   1500    1526    1548     1574    1598    1618     1644   1670    1694
                                                                                                                                          800
 1386    1416    1442     1472    1490     1514   1544     1572   1594    1620    1644     1672    1698    1720     1748   1776    1800
 1332    1354    1380     1404    1426     1454   1476     1506   1530    1550    1580     1598    1622    1650     1670   1696    1724
                                                                                                                                          900
 1414    1436    1464     1490    1514     1544   1568     1600   1626    1646    1678     1698    1724    1754     1776   1802    1832
 1386    1408    1432     1460    1484     1512   1534     1562   1586    1614    1640     1666    1690    1714     1740   1766    1792
                                                                                                                                          1000
 1472    1494    1520     1550    1576     1606   1630     1660   1686    1716    1742     1770    1796    1822     1850   1878    1906
 1432    1460    1484     1512    1542     1566   1596     1618   1644    1674    1702     1724    1752    1778     1808   1834    1858
                                                                                                                                          1100
 1520    1550    1576     1606    1638     1664   1696     1720   1748    1780    1810     1832    1862    1890     1922   1950    1976
 1476    1508    1530     1562    1590     1618   1650     1674   1706    1730    1760     1788    1814    1842     1868   1896    1922
                                                                                                                                          1200
 1568    1602    1626     1660    1690     1720   1754     1780   1814    1840    1872     1902    1930    1960     1986   2016    2044
 1530    1562    1590     1614    1650     1674   1708     1740   1770    1798    1824     1858    1886    1914     1942   1968    1998
                                                                                                                                          1300
 1626    1660    1690     1716    1754     1780   1816     1850   1882    1912    1940     1976    2006    2036     2066   2094    2126
 1590    1622    1652     1688    1714     1748   1778     1810   1842    1868    1906     1934    1968    2000     2028   2060    2094
                                                                                                                                          1400
 1690    1724    1756     1794    1822     1858   1890     1924   1960    1986    2028     2058    2094    2128     2158   2192    2228
 1618    1656    1690     1720    1752     1784   1816     1850   1882    1916    1948     1980    2012    2046     2078   2110    2144
                                                                                                                                          1500
 1720    1760    1796     1828    1862     1896   1932     1968   2002    2038    2072     2106    2140    2178     2212   2246    2282
 1670    1706    1736     1770    1810     1840   1870     1910   1942    1976    2008     2042    2076    2108     2144   2180    2210
                                                                                                                                          1600
 1776    1814    1846     1882    1924     1956   1990     2032   2066    2102    2136     2174    2210    2244     2282   2320    2352
 1728    1760    1798     1834    1868     1910   1942     1972   2008    2046    2080     2114    2148    2186     2216   2252    2288
                                                                                                                                          1700
 1838    1872    1912     1950    1986     2032   2066     2098   2136    2178    2214     2250    2286    2328     2360   2398    2436
 1778    1816    1852     1886    1924     1960   2000     2040   2072    2108    2140     2182    2216    2250     2288   2320    2354
                                                                                                                                          1800
 1890    1932    1970     2006    2046     2086   2128     2170   2206    2244    2278     2322    2360    2396     2436   2470    2506
 1810    1850    1886     1924    1960     2000   2040     2076   2114    2150    2192     2228    2270    2308     2342   2386    2426
                                                                                                                                          1900
 1924    1968    2006     2046    2086     2128   2170     2210   2250    2288    2334     2372    2418    2458     2494   2542    2584
 1862    1900    1942     1980    2020     2060   2100     2134   2182    2216    2256     2300    2336    2378     2416   2458    2496
                                                                                                                                          2000
 1980    2022    2066     2106    2150     2192   2236     2272   2322    2360    2402     2450    2488    2532     2574   2618    2658
 1888    1932    1970     2008    2056     2094   2132     2174   2214    2256    2300     2336    2378    2416     2460   2502    2542
                                                                                                                                          2100
 2008    2056    2096     2136    2188     2228   2270     2314   2358    2402    2450     2488    2532    2574     2620   2666    2708
 1942    1980    2020     2064    2106     2148   2192     2232   2272    2320    2362     2404    2442    2490     2526   2570    2612
                                                                                                                                          2200
 2066    2106    2150     2196    2242     2286   2334     2376   2420    2470    2516     2560    2602    2652     2690   2738    2782
 1984    2028    2076     2114    2162     2202   2244     2268   2292    2378    2416     2464    2510    2550     2590   2634    2678
                                                                                                                                          2300
 2110    2158    2210     2250    2302     2344   2390     2414   2440    2532    2574     2624    2674    2716     2760   2806    2854
 2034    2078    2124     2168    2210     2238   2264     2288   2314    2438    2484     2526    2574    2624     2660   2686    2710
                                                                                                                                          2400
 2164    2212    2260     2308    2352     2382   2410     2436   2464    2596    2646     2690    2742    2796     2834   2862    2888
 2080    2126    2174     2216    2246     2268   2296     2320   2342    2496    2548     2590    2640    2676     2700   2722    2750
                                                                                                                                          2500
 2214    2262    2314     2360    2392     2414   2444     2470   2494    2658    2714     2760    2812    2852     2878   2900    2930
 2130    2180    2210     2234    2264     2288   2314     2446   2468    2562    2602     2644    2672    2696     2720   2748    2774
                                                                                                                                          2600
 2268    2320    2352     2378    2410     2436   2464     2606   2628    2730    2772     2818    2848    2872     2898   2928    2956
 2180    2212    2238     2266    2290     2318   2450     2476   2504    2624    2654     2684    2706    2732     2760   2784    2812
                                                                                                                                          2700
 2320    2354    2382     2412    2438     2468   2610     2638   2668    2796    2828     2860    2884    2912     2942   2966    2996
 2206    2232    2258     2288    2316     2448   2472     2502   2528    2654    2682     2706    2732    2760     2784   2814    2836
                                                                                                                                          2800
 2348    2376    2404     2436    2466     2608   2634     2666   2694    2828    2858     2884    2912    2942     2966   3000    3022
 2226    2252    2276     2306    2442     2464   2494     2520   2550    2676    2702     2726    2758    2780     2810   2834    2864
                                                                                                                                          2900
 2370    2398    2424     2456    2602     2624   2656     2684   2716    2852    2880     2904    2940    2962     2994   3020    3052
 2252    2280    2308     2444    2468     2498   2526     2554   2580    2710    2738     2766    2794    2820     2846   2878    2902
                                                                                                                                          3000
 2398    2428    2458     2604    2628     2660   2690     2720   2748    2888    2918     2948    2978    3006     3034   3068    3094
 2272    2302    2438     2462    2494     2520   2550     2574   2600    2732    2762     2788    2816    2842     2876   2900    2928
                                                                                                                                          3100
 2420    2452    2596     2622    2656     2684   2716     2742   2770    2912    2944     2972    3002    3030     3066   3092    3122
 2302    2328    2464     2494    2520     2552   2578     2604   2636    2770    2796     2824    2850    2882     2908   2938    2966
                                                                                                                                          3200
 2452    2480    2624     2656    2684     2718   2746     2774   2808    2952    2980     3010    3038    3072     3100   3132    3162
 2320    2456    2484     2514    2542     2572   2598     2632   2658    2790    2818     2846    2880    2904     2934   2960    2990
                                                                                                                                          3300
 2470    2616    2646     2678    2708     2740   2768     2804   2832    2974    3004     3034    3070    3096     3128   3156    3188
 2444    2472    2504     2532    2562     2588   2622     2650   2682    2814    2842     2872    2900    2930     2958   2990    3016
                                                                                                                                          3400
 2604    2634    2668     2698    2730     2758   2794     2824   2858    3000    3030     3062    3092    3124     3154   3188    3216
 2472    2504    2532     2564    2590     2624   2652     2684   2710    2846    2880     2904    2936    2966     2998   3026    3056
                                                                                                                                          3500
 2634    2668    2698     2732    2760     2796   2826     2860   2888    3034    3070     3096    3130    3162     3196   3226    3258
 2400    2500     2600    2700    2800     2900   3000     3100   3200    3300    3400     3500    3600    3700     3800   3900    4000




Meer- en minderprijzen voor extra’s                               Meer- en minderprijzen voor extra’s
Somfy funky J4 io incl. wandzender.                      0,00/E   Elero JA (mechanische motor) bedraad incl.          -168,00/E
Somfy RTS of Elero 868 met Elero JA                      0,00/E   schakelaar. Minderprijs
(Mechanische motor) incl. wandzender.                             Aandrijfcombi van 2 elementen met 1 motor J4 io    -298,20/St.
Somfy funky J4 io excl. wandzender. Minderprijs     -35,20/E      inclusief wandzender
                                                                  Kastkoppeling van 2 elementen (per koppeling).       18,20/St.
Somfy J4 WT (elektronische motor) bedraad incl.    -150,40/E
                                                                  Meerprijs
schakelaar. Minderprijs




                                                                                         Prijslijst elementen                              163
