                                                                                             Voorzetrolluiken
                                                                                             .P gerolvormd
                                                                                             RONDO | PENTO | QUADRO                    Plug & Play
                2500 mm
                                                                                                                                       Motor RS100 io
                Max. elementbreedte
                                                                                                                                       incl. Smoove
                bij smalle geleiders
                                                                                                                                       RS100 io
                met ALUMINO-lamel
                                                                                                                                       standaard


ALUMINO 34                               ALUMINO 37                                  ALUMINO 44                                ALUMINO 52



2400    2500     2600    2700    2800     2900    3000     3100    3200       3300    3400    3500    3600     3700    3800     3900     4000

 923     941      961     983      996    1014    1030     1052    1068       1090    1106    1126     1141    1161    1181     1199     1215   800          P

                                                                                                                                                        gerolvormd
 939     957      977     997     1012    1030    1048     1070    1090       1110    1128    1144    1159     1181    1201     1219     1237   900

  975    997     1013    1031     1050    1070    1092     1114    1130       1150    1166    1190    1207     1225    1245     1263     1285   1000

 1011   1031     1047    1067    1092     1110     1132    1152        1170   1192    1210    1230    1249     1269    1291     1311     1331   1100

 1039   1061     1081    1103     1124    1142     1168    1190    1212       1232    1252    1272    1293     1313    1337     1355     1373   1200

 1075   1099     1121    1141     1164    1184     1210    1232    1256       1276    1300    1322    1343     1363    1381     1407     1427   1300

 1117   1143     1163    1189     1210    1236    1258     1278    1304       1328    1352    1370    1399     1423    1441     1469     1495   1400

 1139   1165     1189    1213     1234    1260    1282     1310    1336       1358    1380    1410    1431     1451    1479     1505     1529   1500

 1169   1197     1219    1245     1268    1296    1320     1346    1370       1400    1422    1446    1471     1495    1521     1545     1571   1600

 1209   1233     1259    1283     1312    1338    1362     1394        1414   1442    1466    1496    1519     1543    1567     1593     1623   1700

 1239   1265     1295    1317     1346    1372    1402     1428    1454       1480    1506    1536    1559     1583    1613     1639     1663   1800

 1259   1287     1315    1341     1362    1396     1424    1450    1478       1510    1540    1562    1591     1621    1649     1679     1707   1900

 1283   1309     1337    1363     1392    1422    1452     1480    1506       1534    1564    1596    1621     1649    1681     1709     1735   2000

 1295   1327     1353    1383     1412    1440     1470    1498    1528       1560    1588    1616    1645     1673    1705     1733     1763   2100

 1313   1343     1375    1403     1428    1464    1492     1522    1550       1584    1610    1640    1673     1699    1729     1757     1791   2200

 1343   1375     1403    1435     1464    1492     1524    1552    1586       1614    1646    1682    1709     1737    1769     1797     1827   2300

 1375   1405     1437    1469     1496    1528    1560     1590    1626       1658    1690    1722    1753     1787    1815     1849     1885   2400

 1405   1439     1471    1503    1530     1568    1596     1630    1668       1698    1730    1766    1799     1839    1873     1907     1945   2500

 1435   1471     1503    1535     1570    1598    1632     1676    1704       1738    1774    1804    1835     1867    1901                     2600

 1467   1501     1535    1573    1604     1640    1678     1710        1744   1782    1812    1846                                              2700

 1499   1533     1571    1605    1638     1678     1712    1746    1784       1816    1852    1890                                              2800

 1529   1569     1601    1639     1676    1716     1746    1784    1822       1858                                                              2900

 1563   1597     1635    1675     1712    1744    1784     1824    1860                                                                         3000

 1589   1631     1671    1711     1748    1780    1822     1862                                                                                 3100

                                                                                                                                                3200
         Meer- en minderprijzen voor extra’s                                  Meer- en minderprijzen voor extra’s
         Somfy OXIMO RTS/io & ILMO2 io incl.                   -22,00/E       Monobediening i.p.v. motor. Minderprijs             -304,00/E     3300
         wandzender. Minderprijs                                              Kunststofpantser. Minderprijs                       -52,00/m2
                                                                                                                                                3400
         Minderprijs excl. wandzender.                         -35,00/E       Motor met noodhandbediening. Meerprijs               68,00/St.
                                                                              Aandrijfcombi van 2 elementen met 1 motor          -326,20/St.    3500
         Motor OXIMO WT incl. schakelaar. Minderprijs         -134,00/E       RS100 io incl. RS100 io Smoove. Minderprijs
         Motor ILMO2 WT incl. schakelaar. Minderprijs         -152,00/E       Kastkoppeling van 2 elementen (per koppeling).       18,20/St.    3600
         Bandbediening i.p.v. motor. Minderprijs              -412,00/E       Meerprijs
                                                                                                                                                3700

                                                                                                                                                3800

                                                                                                                                                3900

                                                                                                                                                4000

2400    2500     2600    2700    2800     2900    3000     3100    3200       3300    3400    3500    3600     3700    3800     3900     4000


        Tip:
        De prijzen hebben betrekking op elementen met RS100 io
        incl. RS100 io Smoove en ALUMINO lamellen. De prijs is
        incl. design-onderlijst, RVS schroeven, aandrukveren en ach-
        terplaat.                                                                            Prijslijst elementen                                 95
