                                                                   Opbouwrolluiken (Inbouw)
                                                                   PURO 2.XR(K)
                                                                   PUR-hardschuimkast | Revisie buiten

                                                                                                                                  Motor RS100 io
                                                                                                                                  incl. Smoove
                                                                                                                                  RS100 io
                                                                                                                                  standaard
                                                           ALUMINO 34                   ALUMINO 44                           ALUMINO 52

                                                                                                                             ALUMINO 37


      2000        2100         2200        2300         2400      2500          2600          2700         2800          2900        3000

       982        1004         1026        1048         1068      1090           1116         1136          1158         1180        1202   800

      1008        1032         1054        1076         1098      1126           1146         1168          1192         1214        1238   900

      1034        1060         1080        1106         1128      1154           1178         1200         1228          1248        1274   1000

      1058        1084         1110         1134        1160      1186          1208          1236         1260          1284        1310   1100

      1082         1112        1138        1164         1190      1216          1244          1266         1292          1318        1346   1200

      1110         1136        1164         1194        1218      1248           1274         1300         1328          1354        1380   1300

      1134        1164         1192        1220         1248      1278          1304          1330         1362          1390        1416   1400

      1160         1192        1220        1250         1278      1308          1334          1366         1394          1424        1454   1500

      1186        1216         1248        1278         1308      1338          1370          1398         1428          1462        1490   1600

      1210        1242         1276        1308         1338      1372          1402          1432         1466          1496        1526   1700

      1238        1270         1304        1336         1368      1400          1432          1466         1498          1530        1560   1800

      1262        1298         1330        1362         1400      1430          1462          1498         1528          1562        1600   1900

      1290        1324         1356        1394         1426      1460          1496          1528         1566          1600        1632   2000

      1314        1350         1388        1424         1456      1494          1528          1564         1598          1632        1670   2100

      1338         1374        1414        1450         1488      1524          1560          1596         1632          1670        1708   2200

      1366        1404         1442        1480         1518      1552          1590          1628         1668          1704        1740   2300   PURO 2.XR/

      1392        1432         1468        1508         1546      1584          1626          1660         1700          1740        1778   2400   PURO 2.XRK

      1416        1456         1500        1538         1576      1616          1654          1694         1736          1778        1812   2500

      1442        1482         1524        1562         1604      1646          1688          1730         1768          1808        1850   2600

      1466         1510        1550        1592         1634      1676           1718         1760         1802          1846        1886   2700

      1492        1538         1580        1622         1664      1706           1752         1796         1836          1878        1920   2800

      1520        1562         1606        1652         1696      1738          1782          1826         1870          1916        1958   2900

      1544        1590         1636        1676         1724      1768           1814         1862         1904          1946        1994   3000

      1568         1614        1662        1708         1756      1800          1844          1892         1938          1984        2032   3100

      1594        1642         1686        1734         1784      1832          1878          1928          1974         2020        2068   3200

      1620        1670         1718        1766         1814      1866           1910         1956         2004          2054        2102   3300

      1646        1696         1742        1792         1842      1892          1942          1992         2042          2088               3400

      1672        1722         1774        1822         1874      1926           1974         2024         2072                             3500

      1694         1748        1798        1850         1902      1954          2004          2056                                          3600

      1722        1776         1828        1882         1934      1988          2038          2090                                          3700

                                                                                                                                            3800

                                                                                                                                            3900

                                                                                                                                            4000

      2000        2100         2200        2300         2400      2500          2600          2700         2800          2900        3000
Meerprijzen
Meer-  en minderprijzen
             voor extra’svoor
                          en combi’s
                              extra’s en combi’s                        PURO-kast met 130er opening
Aandrijfcombi van 2 elementen met 1 motor        -326,20/St.            Geleiders en revisiedeksel in aluminium. Meerprijs      44,00/m2
RS100 io incl. RS100 io Smoove. Minderprijs
Kastkoppeling van 2 elementen (per koppeling).     18,20/St.
Meerprijs
                                                                                        Prijslijst elementen                                 121
