                                                                                                   MODULO
                                                                                                   MODULO.P
                                                                                                   MODULO.S
                                                                                                                         Motor Somfy io
                                                           3000 mm                                                       incl. Smoove io
                                                           1 x windzekering bij GL
                                                           aanbevolen


 2400    2500    2600    2700    2800    2900     3000     3100    3200    3300   3400    3500   3600   3700   3800   3900   4000
 1408    1440    1456    1468    1486    1506     1520     1536    1552    1618   1642    1666   1678   1696   1714   1728   1748   800
 1222    1244    1256    1266    1280    1288     1300     1314    1324    1384   1402    1412   1424   1438   1448   1460   1472
 1428    1460    1476    1492    1512    1526     1544     1562    1578    1644   1668    1692   1708   1724   1740   1758   1776   900
 1240    1266    1274    1286    1300    1308     1324     1334    1344    1406   1426    1440   1450   1462   1474   1484   1498


                                                                                                                                           MODULO
 1450    1480    1498    1514    1532    1548     1568     1584    1600    1670   1694    1718   1732   1752   1770   1784   1802   1000
 1264    1284    1296    1306    1322    1332     1344     1356    1368    1430   1450    1464   1476   1486   1500   1512   1526
 1484    1518    1534    1550    1570    1588     1606     1624    1640    1714   1740    1764   1780   1798   1818   1834   1852   1100
 1296    1320    1332    1342    1356    1368     1384     1394    1406    1474   1494    1510   1520   1532   1546   1556   1572
 1508    1538    1554    1574    1594    1608     1632     1648    1664    1742   1766    1792   1810   1826   1846   1862   1882   1200
 1318    1338    1352    1362    1378    1390     1404     1416    1428    1498   1518    1532   1546   1556   1572   1584   1598
 1542    1574    1594    1612    1632    1650     1668     1688    1706    1788   1812    1836   1854   1876   1894   1912   1934   1300
 1350    1372    1388    1398    1412    1426     1442     1456    1466    1538   1564    1578   1590   1602   1616   1632   1644
 1564    1596    1614    1634    1654    1672     1692     1710    1728    1814   1840    1864   1884   1900   1920   1940   1960   1400
 1368    1394    1406    1420    1432    1448     1462     1476    1490    1566   1586    1602   1616   1630   1644   1656   1672
 1584    1616    1636    1654    1674    1694     1714     1732    1754    1840   1864    1890   1910   1930   1950   1968   1988   1500
 1390    1412    1426    1442    1456    1468     1484     1500    1512    1588   1612    1630   1640   1654   1670   1686   1700
 1618    1654    1672    1692    1714    1732     1756     1774    1792    1884   1910    1938   1956   1974   2000   2018   2038   1600
 1422    1448    1462    1476    1492    1508     1524     1536    1550    1634   1656    1670   1688   1702   1714   1730   1746
 1640    1674    1694    1714    1736    1756     1778     1796    1818    1910   1938    1964   1984   2004   2024   2044   2068   1700
 1444    1466    1482    1498    1514    1528     1544     1556    1574    1656   1678    1696   1710   1726   1742   1758   1774
 1676    1712    1730    1754    1776    1794     1818     1836    1858    1956   1982    2010   2030   2054   2074   2094   2116   1800
 1476    1502    1518    1532    1548    1566     1582     1598    1612    1700   1724    1740   1756   1772   1788   1802   1822
 1700    1732    1756    1774    1796    1818     1842     1860    1882    1982   2008    2038   2058   2078   2100   2124   2144   1900
 1494    1524    1536    1552    1570    1586     1602     1618    1636    1724   1748    1766   1780   1796   1814   1830   1846
 1720    1756    1776    1796    1822    1842     1862     1884    1904    2008   2036    2064   2086   2106   2130   2150   2174   2000
 1516    1542    1556    1574    1590    1606     1626     1640    1656    1748   1774    1790   1808   1824   1840   1854   1876
 1756    1790    1812    1834    1858    1880     1902     1924    1948    2054   2080    2110   2132   2152   2178   2200   2222   2100
 1548    1578    1594    1608    1630    1644     1660     1678    1696    1790   1816    1834   1850   1868   1886   1902   1920
 1776    1812    1834    1854    1880    1902     1924     1950    1970    2078   2106    2138   2160   2182   2204   2228   2252   2200
 1570    1596    1614    1632    1650    1666     1686     1702    1718    1816   1842    1860   1878   1894   1912   1930   1948
 1796    1832    1854    1880    1902    1924     1950     1970    1994    2104   2134    2164   2186   2210   2232   2256   2280   2300
 1588    1616    1634    1652    1670    1688     1706     1722    1740    1840   1868    1886   1902   1918   1938   1956   1974
 1832    1870    1894    1916    1940    1964     1988     2012    2034    2148   2180    2210   2232   2256   2282   2304   2328   2400
 1622    1652    1668    1688    1706    1724     1742     1762    1778    1882   1910    1930   1948   1964   1984   2002   2022
 1852    1890    1914    1938    1964    1986     2012     2036    2060    2174   2204    2238   2262   2284   2308   2332   2356   2500
 1642    1670    1690    1708    1726    1746     1764     1782    1800    1906   1936    1954   1972   1988   2010   2028   2046
 1888    1924    1952    1974    2002    2024     2054     2076    2098    2220   2252    2282   2308   2332   2356   2380   2408   2600
 1674    1706    1724    1742    1764    1782     1800     1822    1840    1950   1976    2000   2018   2036   2056   2074   2094
 1974    2016    2042    2070    2098    2126     2156     2182    2210    2336   2370    2404   2430   2458   2486   2514   2542   2700
 1696    1726    1746    1764    1784    1802     1826     1844    1862    1974   2004    2022   2042   2062   2082   2100   2124
 1998    2036    2064    2092    2122    2148     2180     2204    2232    2362   2396    2430   2458   2486   2514   2542   2572   2800
 1714    1746    1764    1784    1808    1826     1846     1864    1884    2000   2026    2046   2070   2088   2108   2128   2148
 2030    2074    2100    2130    2160    2188     2218     2248    2274    2406   2442    2476   2504   2532   2564   2642   2674   2900
 1752    1780    1798    1822    1842    1862     1884     1902    1922    2040   2072    2092   2110   2132   2152   2222   2246
 2054    2094    2124    2150    2182    2210     2240     2270    2300    2432   2466    2502   2532   2562   2642   2672   2702   3000
 1770    1798    1822    1842    1862    1884     1904     1924    1946    2068   2094    2118   2138   2158   2230   2250   2272
 2088    2130    2160    2188    2220    2250     2280     2310    2338    2476   2514    2550   2632   2658   2692   2720   2750   3100
 1800    1834    1854    1878    1898    1918     1942     1964    1984    2108   2140    2160   2230   2252   2274   2296   2320
 2108    2150    2182    2212    2244    2272     2304     2334    2362    2502   2538    2630   2656   2688   2720   2748   2780   3200
 1824    1854    1878    1898    1918    1942     1964     1984    2006    2132   2162    2234   2256   2276   2302   2322   2344
 2130    2174    2202    2232    2266    2292     2326     2356    2386    2582   2620    2654   2686   2714   2746   2776   2810   3300
 1842    1876    1896    1918    1940    1964     1986     2008    2028    2206   2238    2262   2282   2304   2326   2350   2372
 2164    2210    2240    2270    2304    2334     2368     2396    2478    2626   2662    2702   2732   2762   2796   2826   2860   3400
 1878    1910    1932    1954    1976    2000     2022     2044    2118    2250   2280    2306   2326   2350   2374   2394   2416
 2186    2230    2262    2290    2324    2356     2390     2472    2502    2652   2690    2726   2760   2790   2824   2854   2886   3500
 1896    1930    1952    1974    2000    2020     2044     2118    2140    2274   2306    2328   2352   2376   2398   2424   2446
 2220    2268    2300    2328    2364    2394     2480     2512    2544    2696   2738    2774   2808   2836   2870   2902   2936   3600
 1930    1964    1986    2010    2034    2058     2132     2156    2180    2318   2350    2374   2396   2420   2446   2468   2494
 2244    2288    2320    2352    2386    2468     2504     2534    2568    2722   2762    2802   2832   2866   2898   2932   2964   3700
 1950    1982    2008    2030    2056    2128     2152     2178    2200    2340   2374    2398   2424   2446   2472   2496   2520
 2264    2310    2342    2374    2460    2494     2528     2560    2590    2750   2788    2828   2862   2894   2928   2958   2994   3800
 1968    2004    2026    2048    2126    2150     2174     2200    2222    2368   2398    2426   2448   2472   2498   2520   2548
 2300    2344    2378    2464    2500    2532     2566     2598    2632    2796   2834    2876   2906   2940   2974   3008   3204   3900
 2004    2038    2062    2138    2162    2186     2212     2238    2262    2408   2442    2466   2494   2516   2542   2568   2748
 2320    2368    2454    2486    2520    2554     2588     2622    2656    2820   2862    2900   2934   2968   3004   3198   3234   4000
 2022    2058    2132    2158    2184    2206     2234     2258    2284    2432   2466    2494   2518   2542   2570   2748   2774
 2340    2390    2474    2508    2544    2578     2614     2644    2682    2846   2886    2930   2960   2994   3194   3228   3264   4100
 2042    2078    2152    2178    2204    2230     2256     2282    2306    2458   2494    2518   2544   2568   2750   2774   2802
 2376    2476    2512    2544    2582    2618     2652     2688    2720    2890   2934    2972   3008   3204   3244   3274   3314   4200
 2076    2162    2188    2214    2240    2266     2292     2320    2344    2500   2534    2564   2588   2766   2796   2820   2848
 2450    2498    2532    2568    2602    2638     2676     2710    2744    2918   2958    3164   3198   3234   3270   3304   3340   4300
 2144    2182    2206    2232    2262    2286     2316     2340    2368    2524   2562    2742   2766   2794   2820   2846   2876
 2486    2534    2570    2604    2642    2678     2714     2750    2784    2964   3168    3210   3246   3280   3318   3354   3390   4400
 2180    2216    2244    2270    2300    2324     2352     2380    2406    2568   2758    2784   2812   2840   2868   2894   2922
 2508    2556    2590    2626    2662    2700     2740     2774    2810    3150   3194    3238   3272   3308   3344   3380   3420   4500
 2198    2234    2264    2288    2320    2344     2374     2402    2428    2746   2780    2812   2836   2866   2894   2920   2950
 2400    2500    2600    2700    2800    2900     3000     3100    3200    3300   3400    3500   3600   3700   3800   3900   4000



Bijzonderheden voor de berekening
MODULO.P staaldraadgeleiding                               gelijke prijs
MODULO.P stucvariant, gezette koof                         gelijke prijs
Stucvoorbereiding 8/15 mm, stucvariant 25/30 mm en Fries
(meerprijs in de prijslijst opgenomen)                                                   Prijslijst elementen                        177
