                                                    Opbouw-buitenjaloezieën (Inbouw)
                                                    PURO 2.XR(K)-RS
                                                    PUR-hardschuimkast | Revisie van buiten

                                                                                                                         Motor Somfy io
                                                             3000 mm
                                                                                                                         incl. Smoove io
                                                             Max. elementbreedte
                                                             1x windzekering bij ZL,
                                                             DBL en GL aanbevolen



  2400    2500    2600    2700    2800       2900     3000    3100   3200   3300   3400   3500   3600   3700   3800   3900   4000
  1712    1738    1764    1782    1812       1838     1950    2006   2058   2110   2164   2216   2274   2324   2380   2430   2484 800

  1742    1770    1790    1812    1844       1868     1980    2036   2088   2144   2194   2248   2300   2354   2408   2462   2518 900

  1780    1810    1842    1874    1898       1922     2040    2094   2148   2198   2256   2308   2362   2416   2468   2522   2574 1000

  1810    1846    1876    1898    1926       1952     2066    2120   2178   2226   2284   2336   2390   2446   2496   2550   2604 1100

  1858    1886    1924    1950    1980       2010     2130    2188   2240   2294   2346   2398   2454   2508   2560   2618   2666 1200

  1896    1924    1950    1980    2010       2038     2162    2214   2272   2320   2376   2428   2482   2536   2586   2646   2696 1300

  1924    1950    1980    2010    2038       2072     2198   2256    2308   2362   2416   2468   2522   2574   2630   2680   2736 1400

  1974    2006    2032    2064    2094       2122     2262   2314    2368   2420   2474   2528   2580   2634   2684   2742   2794 1500

  2006    2038    2064    2094    2128       2160     2286   2340    2392   2448   2498   2552   2608   2658   2716   2764   2822 1600

  2052    2078    2112    2144    2182       2206     2340   2392    2448   2498   2552   2608   2658   2716   2764   2822   2872 1700


                                                                                                                                           PURO 2.XR-RS
  2078    2112    2144    2178    2212       2240     2382   2432    2490   2544   2594   2650   2700   2756   2810   2860   2916 1800

  2106    2144    2178    2206    2244       2286     2412   2464    2520   2570   2628   2678   2734   2786   2838   2894   2946 1900


                                                                                                                                           PURO 2.XRK-RS
  2148    2186    2216    2272    2298       2332     2464   2520    2570   2628   2678   2734   2786   2838   2894   2946   3000 2000

  2186    2216    2258    2292    2332       2368     2498   2552    2608   2658   2716   2764   2822   2872   2924   2984   3032 2100

  2232    2272    2308    2344    2380       2418     2558   2612    2662   2722   2768   2828   2880   2934   2988   3036   3094 2200

  2272    2300    2336    2374    2408       2452     2592   2648    2698   2754   2806   2858   2914   2966   3020   3074   3124 2300

  2292    2332    2368    2408    2452   2484         2630   2680    2736   2788   2844   2896   2948   3002   3058   3112   3166 2400

  2336    2374    2418    2456    2494   2534         2682   2738    2790   2846   2898   2952   3006   3064   3114   3168   3220 2500

  2368    2408    2452    2484    2528   2566         2714   2762    2820   2868   2922   2982   3028   3088   3136   3194   3248 2600

  2396    2446    2480    2522    2558   2600         2830   2886    2936   2990   3042   3096   3152   3202   3256   3308   3362 2700

  2446    2484    2522    2568    2612   2734         2886   2936    2990   3042   3096   3152   3202   3256   3308   3362   3418 2800

  2470    2516    2558    2600    2724   2762         2916   2970    3022   3078   3128   3184   3232   3292   3348   3398   3452 2900

  2520    2562    2604    2728    2764   2810         2964   3018    3072   3122   3180   3228   3286   3338   3392   3448   3498 3000

  2558    2600    2716    2762   2804    2846         3006   3064    3114   3168   3220   3274   3326   3382   3436   3486   3540 3100

  2578    2630    2750    2788    2832       2886     3042    3096   3152   3202   3256   3308   3362   3418   3468   3528   3576 3200

  2632    2750    2788    2838    2890       2924     3096    3152   3202   3256   3308   3362   3418   3468   3528   3576   3634 3300

  2734    2772    2830    2866    2922       2964     3124    3182   3230   3288   3342   3396   3450   3502   3556   3612   3662 3400

  2772    2830    2872    2922    2974       3020     3190    3244   3296   3352   3402   3458   3510   3562   3620   3668   3726 3500

  2804    2856    2902    2948    3006       3058     3222    3276   3332   3384   3438   3488   3542   3596   3650   3706   3758 3600

  2834    2892    2936    2990    3032       3092     3252    3304   3358   3408   3464   3520   3570   3628   3674   3734   3788 3700

  2886    2936    2990    3032    3092       3130     3306   3360    3410   3466   3526   3572   3630   3680   3736   3792   3842 3800

  2918    2964    3018    3070    3120       3168     3342   3396    3450   3502   3556   3612   3662   3714   3768   3822   3876 3900

  2964    3014    3066    3120    3168       3222     3396   3450    3502   3556   3612   3662   3714   3768   3822   3876   3928 4000

  3008    3068    3106    3176    3208       3282     3450   3502    3556   3612   3662   3714   3768   3822   3876   3928   3982 4100

  3054    3116    3154    3226    3256       3336     3502   3556    3612   3662   3714   3768   3822   3876   3928   3982   4034 4200

  3098    3168    3198    3284    3300       3392     3556   3612    3662   3714   3768   3822   3876   3928   3982   4034   4090 4300

  3140    3218    3244    3336    3350       3450     3612   3662    3714   3768   3822   3876   3928   3982   4034   4090   4142 4400

  3190    3270    3288    3388    3392       3506     3662   3714    3768   3822   3876   3928   3982   4034   4090   4142   4198 4500
  2400    2500    2600    2700    2800       2900     3000    3100   3200   3300   3400   3500   3600   3700   3800   3900   4000


PURO 2.XRK-RS: Let op de meerprijs                  44,00/St./m
van de geleiders.                               geleiderhoogte
(bij geleiders 33 x 134 mm of 66 x 134 mm)

Kastmaten
Meerprijs 420 x 260 / 420 x 290 (PURO 2.XR-RS) +26,40/m.B.
                                                                                   Prijslijst elementen                        187
