2025




        Elementhoogte in mm
                     Elementbreedte in mm


                   800    900      1000     1100   1200   1300   1400   1500   1600   1700     1800     1900     2000     2100    2200       2300
            800    691    698      709       726    749    774   790     811   830     867      880      915      928      946        973     992

            900   695     704       715      732    763    782    798   823    844     879      894      925      938      956        985    1004

        1000       703     712      731      770    785   808    838    867    882     909      930      949      980    1000     1023       1044

        1100       731     742     763       780   803     826   858     887   906     929      960      987     1012     1032    1057       1080

        1200       751    760      783       810    837   868    892     917   940     963      990     1019     1040    1066     1095        1116

        1300       777    786      807       842    867   892     914   939    962     991     1022     1043     1076     1102        1127   1152

        1400       791    806      827      864    889     914   946     971   996    1023     1052     1093     1120     1142        1173   1200

        1500       817    832      857      884     911   938     970   995    1020   1049     1086     1117     1140     1166        1197   1226

        1600       827    846      867      900     929   962    996    1019   1042   1081     1100     1137     1170     1198    1229       1258

        1700      843     856      885       926   953    982    1024   1051   1078   1099     1128     1167     1206     1236        1267   1296

        1800      859      874      913     940     977   1008   1044   1073   1094   1129     1162     1205     1240     1268    1299       1330

        1900       873    886       917     964    999    1030   1064   1091   1116   1155     1192     1225     1258     1284        1319   1348

        2000       879    900      939       974   1009   1048   1078   1107   1140   1175     1210     1243     1278     1308    1339       1372

        2100       901    916      959      988    1023   1058   1088   1123   1156   1187     1220     1255     1290     1322    1353       1386

        2200       911    924      967      998    1037   1068   1100   1139   1172   1203     1236     1269     1302     1338        1373   1406

        2300       931    950      985      1024   1057   1090   1124   1159   1194   1227     1262     1295     1330     1370    1403       1436

        2400       951    968     1009      1046   1079   1114   1150   1183   1218   1255     1288     1329     1366     1398    1433       1470

        2500      969     990      1031     1066   1103   1138   1172   1211   1246   1283     1318     1361     1394     1430        1467   1506

        2600       991   1008      1047     1086   1125   1160   1196   1235   1272   1309     1350     1387     1424     1462        1501   1536

        2700      1009   1028     1067      1110   1147   1184   1222   1259   1296   1335     1378     1417     1456     1494        1531   1570

        2800      1029   1050     1089      1130   1169   1208   1246   1285   1324   1369     1408     1447     1488     1526    1565       1604

        2900      1045   1068      1109     1148   1189   1230   1270   1309   1358   1397     1438     1477     1518     1556    1599       1636

        3000      1067   1090      1131     1174   1215   1254   1296   1343   1384   1427     1466     1507     1550     1590    1631       1672

        3100      1087   1108      1151     1196   1235   1278   1324   1367   1410   1451     1496     1537     1580     1620    1661       1706

        3200      1105   1126      1169     1216   1257   1302   1346   1393   1436   1479     1522     1569     1610     1652    1697       1744

        3300      1125    1146     1193     1234   1281   1330   1372   1417   1460   1507     1552     1593     1638     1686        1727

        3400      1145   1168      1211     1256   1309   1352   1400   1445   1486   1533     1578     1625     1672     1712        1761

        3500      1165   1186      1229     1278   1329   1378   1422   1471   1516   1563     1608     1655     1700     1742

        3600      1183   1206      1253     1306   1351   1400   1444   1491   1544   1589     1636     1683     1730

        3700      1203   1226      1275     1326   1375   1424   1470   1519   1566   1615     1666     1713     1762

        3800      1221   1248      1299     1346   1399   1444   1494   1543   1594   1645     1690     1743

        3900      1247    1274     1315     1370   1419   1470   1522   1571   1618   1669     1720     1777

        4000      1263   1290      1341     1392   1443   1492   1544   1593   1648   1699     1756

                   800    900     1000      1100   1200   1300   1400   1500   1600   1700     1800     1900     2000     2100    2200       2300

                                                                                  INTEGO.P
                                                                                  Meerprijs voor uitvoering INTEGO                      26,40/St./m
                                                                                  (Stucvoorbereiding 8/15 mm, stucprofiel
                                                                                  25/30 mm en fries).
       82                        Prijslijst elementen                             (Lijstprijs element + 26,40/St./m elementbreedte)
