                                                Opbouw-buitenjaloezieën (Inbouw)
                                                PURO 2.XR(K)-RS
                                                PUR-hardschuimkast | Revisie van buiten

                                                                                                                    Motor Somfy io
                                                        3000 mm
                                                                                                                    incl. Smoove io
                                                        Max. elementbreedte
                                                        1x windzekering bij ZL,
                                                        DBL en GL aanbevolen



  2400    2500    2600    2700   2800    2900    3000    3100   3200   3300   3400   3500   3600   3700   3800   3900   4000
  1480    1502    1524    1540   1564    1586    1682    1728   1774   1818   1864   1908   1956   2000   2046   2090   2136 800
  1572    1596    1618    1636   1662    1686    1788    1838   1886   1934   1982   2030   2082   2128   2178   2224   2274
  1504    1528    1546    1564   1592    1612    1708    1754   1800   1846   1890   1934   1980   2026   2070   2118   2164 900
  1598    1624    1642    1662   1692    1714    1816    1866   1914   1964   2010   2058   2106   2156   2204   2254   2304
  1538    1562    1590    1616   1638    1658    1758    1804   1850   1894   1942   1986   2032   2078   2122   2168   2212 1000
  1634    1660    1690    1718   1740    1762    1870    1918   1968   2014   2066   2114   2162   2212   2258   2308   2356
  1562    1594    1618    1638   1662    1684    1782    1826   1876   1916   1966   2010   2056   2102   2146   2192   2238 1100
  1660    1694    1720    1740   1766    1790    1894    1942   1996   2038   2092   2138   2188   2238   2284   2334   2382
  1604    1628    1660    1682   1708    1732    1836    1884   1928   1974   2018   2064   2110   2156   2200   2250   2290 1200
  1704    1730    1764    1788   1816    1842    1952    2004   2052   2100   2148   2196   2246   2296   2342   2396   2438
  1636    1660    1682    1708   1732    1756    1862    1906   1954   1996   2044   2088   2134   2180   2222   2272   2316 1300
  1738    1764    1788    1816   1842    1868    1980    2028   2080   2124   2176   2222   2272   2320   2366   2420   2466
  1660    1682    1708    1732   1756    1784    1894    1942   1986   2032   2078   2122   2168   2212   2260   2302   2350 1400
  1764    1788    1816    1842   1868    1898    2014    2066   2114   2162   2212   2258   2308   2356   2406   2452   2502
  1702    1728    1752    1780   1804    1828    1948    1990   2038   2082   2126   2174   2216   2264   2306   2354   2400 1500
  1810    1838    1862    1892   1918    1944    2072    2118   2168   2216   2264   2314   2360   2410   2456   2508   2556
  1728    1756    1780    1804   1834    1860    1968    2012   2058   2104   2148   2194   2240   2284   2332   2374   2422 1600
  1838    1868    1892    1918   1950    1978    2094    2142   2190   2240   2286   2336   2386   2432   2484   2528   2580
  1768    1790    1820    1846   1878    1898    2012    2058   2104   2148   2194   2240   2284   2332   2374   2422   2466 1700
  1880    1904    1936    1964   1998    2020    2142    2190   2240   2286   2336   2386   2432   2484   2528   2580   2626
  1790    1820    1846    1876   1904    1928    2048    2092   2140   2186   2230   2276   2320   2366   2412   2456   2502 1800

                                                                                                                                      PURO 2.XR-RS
  1904    1936    1964    1996   2026    2052    2180    2226   2278   2328   2374   2424   2470   2520   2570   2616   2666
  1814    1846    1876    1898   1932    1968    2074    2120   2166   2210   2258   2300   2348   2392   2438   2484   2528 1900
  1930    1964    1996    2020   2056    2094    2208    2256   2306   2352   2404   2450   2500   2548   2596   2646   2694

                                                                                                                                      PURO 2.XRK-RS
  1850    1882    1908    1954   1978    2008    2120    2166   2210   2258   2300   2348   2392   2438   2484   2528   2574
  1968    2002    2030    2080   2104    2136    2256    2306   2352   2404   2450   2500   2548   2596   2646   2694   2742 2000
  1882    1908    1944    1972   2008    2038    2148    2194   2240   2284   2332   2374   2422   2466   2510   2560   2602 2100
  2002    2030    2068    2098   2136    2168    2286    2336   2386   2432   2484   2528   2580   2626   2674   2728   2772
  1922    1954    1986    2016   2046    2080    2198    2244   2288   2338   2378   2428   2472   2518   2564   2606   2654 2200
  2044    2080    2114    2146   2178    2214    2340    2390   2436   2490   2532   2586   2634   2682   2732   2776   2828
  1954    1980    2010    2042   2070    2108    2228    2274   2318   2364   2410   2454   2500   2546   2590   2638   2680 2300
  2080    2106    2138    2174   2204    2244    2372    2422   2468   2518   2566   2614   2664   2712   2760   2810   2856
  1972    2008    2038    2070   2108    2136    2260    2302   2350   2394   2440   2486   2530   2576   2624   2668   2716
  2098    2136    2168    2204   2244    2274    2406    2452   2502   2550   2600   2648   2696   2744   2796   2844   2894 2400
  2010    2042    2080    2112   2144    2178    2304    2352   2396   2442   2488   2532   2580   2628   2670   2718   2760 2500
  2138    2174    2214    2248   2282    2318    2454    2504   2552   2602   2650   2698   2748   2800   2846   2896   2942
  2038    2070    2108    2136   2174    2206    2330    2372   2420   2462   2508   2558   2598   2648   2690   2738   2784 2600
  2168    2204    2244    2274   2314    2348    2482    2526   2578   2622   2672   2726   2768   2822   2866   2918   2968
  2062    2102    2132    2168   2198    2234    2430    2476   2520   2566   2610   2656   2702   2746   2792   2836   2882 2700
  2194    2238    2270    2308   2340    2378    2588    2638   2684   2734   2780   2830   2880   2926   2976   3022   3072
  2102    2136    2168    2208   2244    2348    2476    2520   2566   2610   2656   2702   2746   2792   2836   2882   2928 2800
  2238    2274    2308    2350   2390    2500    2638    2684   2734   2780   2830   2880   2926   2976   3022   3072   3122
  2124    2162    2198    2234   2340    2372    2502    2550   2592   2640   2682   2730   2772   2822   2868   2912   2958 2900
  2260    2302    2340    2378   2492    2526    2666    2716   2762   2814   2858   2910   2954   3008   3058   3104   3154
  2166    2202    2238    2344   2374    2412    2544    2588   2636   2678   2726   2768   2816   2862   2906   2954   2998 3000
  2306    2344    2382    2496   2528    2570    2710    2758   2808   2854   2906   2950   3002   3050   3098   3150   3196
  2198    2234    2332    2372   2408    2442    2580    2628   2670   2718   2760   2808   2850   2898   2944   2986   3034 3100
  2340    2378    2484    2526   2564    2602    2748    2800   2846   2896   2942   2992   3038   3090   3138   3184   3234
  2214    2260    2362    2394   2432    2476    2610    2656   2702   2746   2792   2836   2882   2928   2972   3022   3064 3200
  2358    2406    2516    2550   2590    2638    2780    2830   2880   2926   2976   3022   3072   3122   3168   3222   3266
  2262    2362    2394    2438   2480    2510    2656    2702   2746   2792   2836   2882   2928   2972   3022   3064   3112
  2408    2516    2550    2596   2642    2674    2830    2880   2926   2976   3022   3072   3122   3168   3222   3266   3318 3300
  2348    2382    2430    2460   2508    2544    2680    2728   2770   2818   2866   2910   2956   3000   3046   3094   3136 3400
  2500    2536    2588    2620   2672    2710    2856    2908   2952   3004   3054   3102   3152   3198   3248   3298   3344
  2382    2430    2466    2508   2552    2590    2736    2782   2826   2872   2916   2962   3008   3052   3100   3142   3190
  2536    2588    2626    2672   2718    2760    2916    2964   3012   3062   3108   3158   3206   3254   3306   3350   3402 3500
  2408    2452    2492    2530   2580    2624    2762    2810   2856   2900   2946   2988   3036   3080   3126   3174   3218
  2564    2612    2654    2696   2748    2796    2944    2994   3044   3092   3140   3186   3236   3284   3334   3384   3432 3600
  2434    2482    2520    2566   2602    2652    2788    2832   2878   2922   2968   3016   3058   3108   3148   3198   3242 3700
  2592    2644    2684    2734   2772    2826    2972    3018   3068   3114   3164   3216   3260   3314   3356   3410   3458
  2476    2520    2566    2602   2652    2684    2834    2880   2924   2970   3020   3060   3110   3152   3200   3246   3290 3800
  2638    2684    2734    2772   2826    2860    3020    3070   3116   3166   3220   3262   3316   3360   3412   3462   3508
  2504    2544    2588    2634   2676    2718    2866    2910   2956   3000   3046   3094   3136   3182   3226   3272   3318
  2668    2710    2758    2806   2852    2896    3054    3102   3152   3198   3248   3298   3344   3392   3440   3490   3538 3900
  2544    2586    2630    2676   2718    2762    2910    2956   3000   3046   3094   3136   3182   3226   3272   3318   3362 4000
  2710    2756    2802    2852   2896    2944    3102    3152   3198   3248   3298   3344   3392   3440   3490   3538   3586
  2582    2632    2664    2724   2752    2812    2956    3000   3046   3094   3136   3182   3226   3272   3318   3362   3410
  2750    2804    2838    2902   2932    2998    3152    3198   3248   3298   3344   3392   3440   3490   3538   3586   3636 4100
  2620    2672    2704    2766   2792    2860    3000    3046   3094   3136   3182   3226   3272   3318   3362   3410   3452 4200
  2792    2848    2882    2948   2976    3048    3198    3248   3298   3344   3392   3440   3490   3538   3586   3636   3682
  2658    2718    2742    2814   2830    2906    3046    3094   3136   3182   3226   3272   3318   3362   3410   3452   3500 4300
  2832    2896    2922    3000   3016    3098    3248    3298   3344   3392   3440   3490   3538   3586   3636   3682   3734
  2694    2758    2782    2860   2870    2956    3094    3136   3182   3226   3272   3318   3362   3410   3452   3500   3544 4400
  2870    2940    2964    3048   3060    3152    3298    3344   3392   3440   3490   3538   3586   3636   3682   3734   3780
  2736    2804    2818    2904   2906    3004    3136    3182   3226   3272   3318   3362   3410   3452   3500   3544   3592 4500
  2916    2988    3004    3096   3098    3202    3344    3392   3440   3490   3538   3586   3636   3682   3734   3780   3832
  2400    2500    2600    2700   2800    2900    3000    3100   3200   3300   3400   3500   3600   3700   3800   3900   4000




Kastmaten
Meerprijs 420 x 260 / 420 x 290 (PURO 2.XR-RS) +26,40/m.B.
                                                                              Prijslijst elementen                        189
