2025
                                 Comfort & Design lamellen


                                          CDL 70


                                                                                                                Opmerking:
       Blauw: MODULO.P met CDL              .XP element berekening
       Zwart: MODULO.S met CDL                                                                                  De prijzen hebben betrekking op elementen
                                                                                                                met io-motor. De prijs is inclusief roestvrijsta-
        Elementhoogte in mm
                                            Prijs MODULO.P + 5% - € 8,40                                        len schroeven, smoove io wandzender.
                    Elementbreedte in mm


                 800      900     1000     1100     1200     1300    1400       1500   1600     1700     1800      1900      2000      2100      2200      2300
         800    1188     1208     1230     1248     1266     1290    1312       1392   1416     1436     1454      1474      1494      1510      1530      1552
                1074     1088     1106     1114     1128     1140    1156       1226   1248     1260     1274      1288      1304      1316      1326      1342
         900    1202     1220     1242     1260     1278     1310    1326       1406   1436     1454     1476      1494      1516      1534      1552      1574
                1088     1102     1114     1128     1140     1156    1172       1242   1266     1278     1292      1310      1320      1336      1348      1360
        1000    1216     1238     1256     1276     1298     1322    1342       1424   1454     1474     1494      1516      1538      1556      1574      1598
                1102     1114     1128     1140     1156     1174    1186       1260   1282     1298     1314      1326      1340      1354      1366      1384
        1100    1238     1256     1278     1300     1318     1348    1366       1458   1486     1506     1528      1548      1570      1592      1612      1630
                1118     1134     1150     1166     1180     1194    1210       1288   1314     1326     1342      1356      1376      1386      1402      1418
        1200    1250     1272     1292     1314     1336     1362    1384       1476   1504     1526     1548      1570      1592      1612      1630      1652
                1134     1146     1166     1178     1194     1210    1226       1306   1334     1344     1360      1378      1394      1406      1422      1440
        1300    1272     1292     1316     1338     1358     1392    1408       1506   1538     1558     1580      1604      1624      1646      1670      1690
                1154     1172     1186     1202     1216     1234    1250       1336   1358     1378     1394      1408      1424      1444      1458      1474
        1400    1284     1310     1334     1352     1376     1404    1424       1526   1556     1578     1602      1622      1646      1670      1690      1712
                1168     1182     1200     1216     1232     1250    1262       1352   1380     1396     1414      1426      1446      1462      1480      1494
        1500    1300     1320     1344     1366     1392     1420    1444       1546   1574     1598     1622      1644      1668      1688      1710      1736
                1178     1194     1212     1232     1248     1262    1278       1374   1400     1414     1428      1448      1466      1482      1496      1516
        1600    1320     1342     1366     1392     1416     1446    1468       1574   1606     1626     1652      1678      1704      1724      1750      1774
                1200     1216     1238     1252     1270     1288    1306       1400   1424     1446     1462      1480      1496      1516      1530      1550
        1700    1336     1356     1382     1406     1426     1462    1484       1594   1624     1648     1674      1694      1724      1748      1770      1794
                1210     1232     1250     1266     1282     1304    1318       1418   1446     1462     1482      1496      1518      1538      1552      1572
        1800    1354     1380     1406     1426     1454     1486    1510       1624   1656     1682     1708      1732      1756      1780      1810      1832
                1234     1250     1270     1288     1310     1326    1342       1446   1476     1490     1510      1530      1550      1570      1584      1606
        1900    1366     1394     1420     1446     1470     1504    1526       1644   1678     1696     1726      1752      1778      1802      1826      1854
                1244     1262     1282     1304     1320     1340    1358       1466   1490     1510     1530      1550      1570      1590      1608      1626
        2000    1382     1406     1436     1460     1484     1518    1542       1664   1694     1718     1748      1772      1796      1822      1848      1876
                1256     1276     1298     1316     1336     1354    1376       1482   1510     1530     1550      1570      1590      1608      1626      1646
        2100    1404     1426     1458     1484     1508     1542    1570       1692   1726     1752     1778      1810      1834      1858      1884      1912
                1276     1298     1318     1338     1356     1380    1400       1510   1542     1560     1580      1604      1622      1642      1662      1684
        2200    1418     1444     1474     1496     1524     1558    1582       1712   1748     1772     1798      1826      1854      1882      1906      1932
                1290     1312     1334     1352     1374     1394    1416       1528   1558     1578     1602      1622      1642      1664      1684      1706
        2300    1428     1458     1486     1510     1540     1574    1602       1728   1766     1790     1820      1846      1876      1900      1928      1956
                1306     1322     1344     1362     1386     1408    1426       1548   1578     1598     1620      1642      1662      1684      1704      1724
        2400    1450     1480     1508     1538     1562     1602    1626       1758   1794     1822     1854      1882      1910      1936      1964      1994
                1322     1342     1366     1386     1408     1428    1454       1574   1608     1626     1648      1672      1692      1714      1738      1758
        2500    1466     1490     1524     1550     1578     1614    1642       1778   1816     1842     1872      1900      1930      1958      1986      2016
                1338     1356     1382     1402     1422     1448    1468       1594   1624     1646     1670      1690      1712      1736      1756      1778
        2600    1486     1516     1546     1574     1604     1642    1670       1812   1848     1876     1906      1932      1966      1994      2020      2054
                1356     1380     1404     1424     1448     1470    1490       1622   1652     1678     1704      1724      1750      1772      1792      1816
        2700    1528     1558     1594     1624     1656     1694    1728       1880   1916     1952     1982      2016      2048      2082      2114      2148
                1374     1394     1418     1440     1462     1486    1508       1642   1674     1694     1718      1746      1770      1790      1814      1838
        2800    1542     1572     1608     1642     1672     1712    1748       1894   1936     1972     2004      2038      2068      2106      2134      2172
                1382     1406     1428     1454     1476     1502    1524       1656   1690     1714     1744      1762      1788      1812      1832      1856
        2900    1560     1594     1628     1664     1694     1738    1772       1928   1972     2000     2038      2066      2106      2140      2172      2208
                1404     1424     1450     1476     1502     1526    1548       1688   1718     1748     1772      1792      1820      1842      1866      1892
        3000    1574     1608     1644     1682     1712     1754    1788       1944   1988     2020     2058      2088      2126      2158      2192      2228
                1416     1440     1466     1488     1516     1540    1562       1706   1744     1762     1790      1814      1840      1860      1888      1912
        3100    1598     1628     1670     1704     1736     1778    1814       1978   2018     2054     2088      2124      2158      2194      2228      2266
                1436     1460     1486     1510     1538     1562    1590       1736   1770     1792     1820      1846      1872      1898      1922      1946
        3200    1612     1644     1684     1714     1752     1794    1828       1994   2040     2068     2110      2146      2184      2218      2252      2288
                1448     1474     1502     1526     1550     1578    1604       1752   1788     1814     1840      1862      1892      1916      1942      1972
        3300    1624     1656     1694     1732     1770     1812    1846       2014   2058     2090     2128      2164      2200      2234      2274      2310
                1462     1486     1516     1540     1562     1592    1620       1770   1810     1832     1858      1884      1912      1936      1960      1988
        3400    1644     1682     1716     1754     1790     1834    1870       2044   2086     2124     2162      2198      2234      2274      2308      2348
                1482     1508     1538     1560     1590     1616    1642       1796   1834     1860     1890      1916      1944      1972      1996      2024
        3500    1656     1694     1736     1772     1810     1850    1888       2062   2108     2144     2184      2220      2260      2294      2330      2368
                1494     1520     1550     1574     1604     1628    1656       1816   1854     1882     1910      1932      1964      1988      2016      2044
        3600    1682     1714     1756     1792     1832     1876    1914       2090   2142     2178     2214      2254      2290      2330      2366      2408
                1516     1542     1570     1598     1624     1652    1684       1846   1884     1912     1938      1966      1996      2024      2048      2080
        3700    1692     1732     1772     1812     1846     1892    1928       2114   2158     2194     2234      2274      2316      2350      2390      2428
                1528     1556     1582     1612     1642     1670    1694       1860   1900     1928     1958      1986      2016      2044      2068      2102
        3800    1708     1748     1784     1822     1860     1910    1944       2130   2180     2214     2256      2294      2332      2370      2412      2450
                1540     1570     1598     1626     1652     1686    1712       1882   1920     1946     1978      2004      2038      2062      2088      2122
        3900    1728     1770     1812     1848     1888     1932    1974       2162   2210     2250     2288      2328      2368      2410      2448      2488
                1560     1590     1620     1648     1678     1708    1738       1910   1952     1978     2008      2040      2066      2098      2126      2156
        4000    1746     1780     1822     1860     1900     1946    1986       2184   2228     2266     2308      2348      2390      2430      2470      2510
                1572     1604     1630     1664     1690     1724    1752       1928   1966     1996     2026      2058      2086      2118      2146      2178
        4100    1756     1794     1838     1876     1916     1964    2000       2200   2250     2286     2328      2368      2412      2450      2492      2532
                1584     1616     1646     1678     1706     1738    1770       1944   1986     2014     2046      2078      2108      2140      2164      2198
        4200    1776     1818     1858     1900     1938     1988    2032       2230   2278     2322     2360      2404      2442      2486      2524      2566
                1606     1636     1670     1696     1728     1758    1790       1976   2014     2044     2078      2108      2142      2172      2200      2230
        4300    1790     1832     1876     1914     1956     2004    2044       2252   2296     2338     2382      2420      2466      2508      2546      2590
                1620     1648     1684     1712     1746     1776    1810       1992   2034     2062     2098      2126      2158      2190      2220      2254
        4400    1814     1854     1898     1938     1980     2032    2068       2282   2330     2370     2416      2458      2500      2544      2584      2690
                1638     1670     1704     1736     1766     1796    1832       2018   2062     2090     2126      2158      2192      2222      2256      2348
        4500    1826     1866     1912     1954     1994     2044    2086       2296   2350     2392     2434      2478      2520      2562      2604      2712
                1650     1684     1714     1750     1780     1816    1846       2040   2080     2114     2146      2180      2212      2244      2276      2366
                 800      900     1000     1100     1200     1300    1400       1500   1600     1700     1800      1900      2000      2100      2200      2300

               Meer- en minderprijzen voor extra’s                                 Meer- en minderprijzen voor extra’s
               Somfy funky J4 io incl. wandzender.                    0,00/E       Elero JA (mechanische motor) bedraad incl.               -168,00/E
               Somfy RTS of Elero 868 met Elero JA                    0,00/E       schakelaar. Minderprijs
               (Mechanische motor) incl. wandzender.                               Aandrijfcombi van 2 elementen met 1 motor J4 io        -298,20/St.
               Somfy funky J4 io excl. wandzender. Minderprijs      -35,20/E       inclusief wandzender
                                                                                   Kastkoppeling van 2 elementen (per koppeling).             18,20/St.
               Somfy J4 WT (elektronische motor) bedraad incl.      -150,40/E
       172                                                                         Meerprijs
               schakelaar. Minderprijs
