                                                                  Opbouwrolluiken (Inbouw)
                                                                  KARO
                                                                  Dubbelwandige kunststofkast
                                                                                                              Plug & Play
                                                                                                              Motor RS100 io
                                                                                                              incl. Smoove
                                                                                                              RS100 io
                                                                                                              standaard

                                                           ALUMINO 34              ALUMINO 44           ALUMINO 37

                                                                                                        ALUMINO 52

      2000        2100         2200          2300       2400      2500     2600        2700     2800   2900     3000

       886         902          920          932         950       968      982         998     1014   1032     1048   800

       906          924         938          958         976       994     1008        1024     1044   1060     1076   900

       928         944          962          980         998      1016     1034        1052     1072   1088     1108   1000

       946         964          984          1002       1024      1042     1060        1078     1098   1118     1136   1100

       968         990         1008          1026       1048      1068     1086        1104     1126   1144     1166   1200

       990        1010         1028          1052       1074      1094      1112       1134     1156   1176     1194   1300

      1012        1030         1052          1072       1094      1116     1138        1160     1184   1204     1226   1400

      1032        1054         1074          1098       1122      1142     1164        1188     1210   1230     1256   1500

      1052        1072         1098          1122       1146      1168     1192        1214     1236   1262     1290   1600

      1072        1094         1118          1142       1168      1192     1218        1240     1268   1290     1320   1700

      1092         1114        1142          1164       1190      1216     1244        1266     1294   1320     1346   1800

      1114         1138        1164          1190       1218      1244     1268        1294     1322   1350     1376   1900

      1134         1156        1184          1210       1240      1264     1294        1322     1350   1378     1404   2000

      1154         1178        1206          1236       1264      1292     1324        1348     1376   1404     1436   2100

      1172        1200         1232          1260       1286      1316     1348        1374     1406   1438     1466   2200

      1194        1220         1254          1284       1312      1344     1374        1400     1432   1464     1492   2300

      1214        1242         1274          1306       1334      1366     1396        1426     1462   1494     1524   2400

      1236        1264         1296          1330       1360      1392     1424        1458     1488   1522     1556   2500

      1254        1286         1320          1352       1386      1416     1450        1484     1514   1550            2600

      1276        1306         1340          1376       1408      1442     1478        1510     1546                   2700



                                                                                                                               KARO/RA.2
      1296        1328         1364          1398       1434      1470     1502        1538                            2800

      1316        1348         1388          1422       1456      1496     1528                                        2900

      1336        1372         1410          1444       1482      1520                                                 3000

      1356        1392         1430          1468       1506                                                           3100

      1378         1414        1452          1492                                                                      3200

      1400        1432         1472                                                                                    3300

      1418        1456         1498                                                                                    3400

      1436         1476                                                                                                3500

                                                                                                                       3600
Meerprijzen
Meer-  en minderprijzen
             voor extra’svoor
                          en combi’s
                              extra’s en combi’s
Aandrijfcombi van 2 elementen met 1 motor        -326,20/St.                                                           3700
RS100 io incl. RS100 io Smoove. Minderprijs
Kastkoppeling van 2 elementen (per koppeling).     18,20/St.                                                           3800
Meerprijs
                                                                                                                       3900

                                                                                                                       4000

      2000        2100         2200          2300       2400      2500     2600        2700     2800   2900     3000

     Plug & Play motor zie pagina 283
     Meer draadloze motoren zie pagina 124



                                                                                   Prijslijst elementen                 131
