2025
                                   Gekraalde lamellen


                                           GL 85


                                                                                                                Opmerking:
       Blauw: MODULO.P met GL 85            .XP element berekening
       Zwart: MODULO.S met GL 85                                                                                De prijzen hebben betrekking op elementen
                                                                                                                met io-motor. De prijs is inclusief roestvrijsta-
        Elementhoogte in mm
                                            Prijs MODULO.P + 5% - € 8,40                                        len schroeven, smoove io wandzender.
                    Elementbreedte in mm


                 800      900     1000     1100     1200     1300    1400       1500   1600     1700     1800      1900      2000      2100      2200      2300
         800    1036     1052     1070     1086     1100     1122    1140       1208   1228     1244     1262      1278      1296      1308      1326      1344
                 938      950      964      972      984      994    1008       1068   1086     1096     1108      1120      1132      1144      1152      1166
         900    1046     1062     1080     1096     1112     1138    1152       1220   1244     1262     1280      1296      1314      1328      1344      1362
                 950      962      972      984      994     1008    1020       1080   1100     1112     1124      1138      1148      1160      1170      1182
        1000    1058     1076     1094     1110     1128     1150    1166       1236   1262     1278     1296      1314      1332      1348      1362      1384
                 962      972      984      994     1008     1022    1034       1096   1114     1128     1142      1152      1164      1176      1186      1202
        1100    1076     1094     1112     1130     1146     1170    1186       1264   1288     1304     1324      1340      1358      1378      1394      1412
                 976      988     1002     1016     1028     1040    1054       1120   1142     1152     1166      1178      1194      1204      1216      1230
        1200    1088     1106     1124     1142     1160     1184    1202       1280   1302     1322     1340      1358      1378      1394      1412      1430
                 988     1000     1016     1026     1040     1054    1068       1134   1158     1168     1182      1196      1210      1220      1234      1248
        1300    1106     1124     1144     1162     1180     1208    1222       1304   1332     1350     1368      1388      1406      1424      1444      1462
                1006     1020     1034     1046     1058     1074    1088       1160   1180     1196     1210      1222      1236      1252      1264      1278
        1400    1116     1138     1158     1174     1194     1218    1236       1322   1348     1366     1386      1404      1424      1444      1462      1480
                1018     1030     1044     1058     1072     1088    1098       1174   1198     1212     1226      1238      1254      1268      1282      1296
        1500    1130     1148     1168     1186     1208     1232    1252       1338   1362     1384     1404      1422      1442      1460      1478      1500
                1026     1040     1056     1072     1086     1098    1112       1192   1214     1226     1240      1256      1270      1284      1298      1314
        1600    1148     1166     1186     1208     1228     1254    1272       1362   1390     1408     1430      1450      1472      1490      1512      1532
                1044     1058     1076     1090     1104     1120    1134       1214   1236     1254     1268      1282      1298      1314      1326      1342
        1700    1160     1178     1200     1220     1238     1268    1286       1380   1406     1426     1448      1466      1490      1510      1528      1550
                1054     1072     1088     1100     1114     1132    1146       1230   1254     1268     1284      1298      1316      1332      1344      1360
        1800    1176     1198     1220     1238     1262     1288    1308       1406   1432     1454     1476      1498      1518      1538      1562      1582
                1074     1088     1104     1120     1138     1152    1166       1254   1280     1292     1308      1326      1342      1358      1372      1390
        1900    1186     1210     1232     1254     1274     1302    1322       1422   1450     1468     1492      1514      1536      1556      1578      1600
                1082     1098     1114     1132     1148     1164    1180       1270   1292     1308     1326      1342      1358      1376      1392      1408
        2000    1200     1220     1244     1266     1286     1316    1336       1440   1466     1486     1510      1530      1552      1574      1596      1618
                1094     1110     1128     1144     1160     1176    1194       1284   1308     1326     1342      1358      1376      1392      1408      1424
        2100    1218     1238     1264     1286     1306     1336    1358       1464   1492     1514     1536      1562      1584      1604      1626      1650
                1110     1128     1146     1162     1178     1198    1214       1308   1336     1352     1368      1388      1404      1420      1438      1456
        2200    1230     1252     1278     1298     1320     1350    1370       1480   1510     1530     1554      1578      1600      1624      1644      1668
                1122     1140     1158     1174     1192     1210    1228       1324   1350     1366     1386      1404      1420      1440      1456      1474
        2300    1240     1264     1288     1308     1334     1362    1386       1494   1526     1546     1572      1594      1618      1640      1664      1688
                1134     1150     1168     1184     1204     1222    1238       1340   1366     1384     1402      1420      1438      1456      1472      1490
        2400    1258     1282     1306     1332     1354     1386    1408       1520   1550     1574     1600      1624      1648      1670      1694      1720
                1150     1166     1186     1204     1222     1240    1262       1362   1392     1408     1426      1446      1464      1482      1502      1520
        2500    1270     1292     1320     1342     1366     1396    1420       1536   1568     1590     1616      1640      1666      1690      1712      1738
                1162     1178     1200     1216     1234     1256    1272       1380   1406     1424     1444      1462      1480      1500      1518      1536
        2600    1288     1314     1338     1362     1388     1420    1444       1564   1596     1618     1644      1668      1696      1720      1742      1770
                1178     1198     1218     1236     1256     1274    1292       1404   1430     1450     1472      1490      1512      1530      1548      1568
        2700    1324     1350     1380     1406     1432     1466    1494       1622   1654     1684     1710      1738      1766      1794      1822      1850
                1192     1210     1230     1248     1268     1288    1306       1420   1448     1466     1486      1508      1528      1546      1566      1586
        2800    1336     1360     1392     1420     1446     1480    1510       1636   1670     1700     1728      1756      1784      1814      1840      1870
                1200     1220     1240     1262     1280     1300    1320       1432   1462     1482     1506      1524      1544      1564      1582      1602
        2900    1352     1380     1410     1440     1466     1502    1530       1664   1700     1726     1756      1782      1814      1842      1870      1900
                1218     1236     1258     1280     1300     1322    1340       1460   1486     1510     1530      1548      1572      1590      1612      1634
        3000    1362     1392     1422     1454     1480     1516    1544       1676   1714     1742     1774      1800      1832      1860      1888      1918
                1228     1248     1270     1290     1314     1334    1354       1474   1506     1524     1546      1566      1588      1606      1630      1650
        3100    1384     1410     1444     1472     1500     1536    1566       1706   1740     1770     1800      1830      1860      1890      1918      1952
                1244     1266     1288     1308     1332     1354    1376       1500   1528     1548     1572      1594      1616      1638      1658      1678
        3200    1394     1422     1456     1482     1514     1550    1580       1720   1758     1784     1818      1848      1880      1910      1938      1970
                1256     1278     1300     1322     1342     1366    1388       1514   1544     1566     1588      1608      1634      1654      1674      1700
        3300    1406     1432     1466     1498     1528     1564    1594       1736   1774     1802     1834      1864      1896      1924      1956      1988
                1268     1288     1314     1334     1354     1378    1402       1528   1562     1582     1604      1626      1650      1670      1692      1714
        3400    1422     1454     1484     1516     1546     1584    1614       1762   1798     1830     1862      1894      1924      1956      1986      2020
                1284     1306     1332     1352     1376     1398    1420       1552   1584     1606     1632      1654      1676      1700      1722      1746
        3500    1432     1466     1500     1530     1562     1598    1630       1778   1816     1846     1880      1912      1946      1974      2006      2038
                1296     1318     1342     1362     1388     1410    1432       1568   1600     1624     1648      1668      1694      1714      1738      1762
        3600    1454     1482     1518     1548     1582     1618    1652       1802   1844     1876     1906      1940      1972      2006      2036      2070
                1314     1336     1358     1384     1406     1430    1456       1594   1626     1650     1672      1696      1722      1746      1766      1792
        3700    1464     1498     1530     1564     1594     1634    1664       1822   1860     1890     1924      1956      1992      2022      2056      2088
                1324     1348     1370     1394     1420     1444    1466       1606   1640     1664     1690      1712      1738      1762      1784      1812
        3800    1476     1510     1542     1574     1606     1648    1676       1836   1878     1906     1942      1974      2008      2040      2074      2106
                1334     1358     1384     1408     1430     1458    1480       1624   1656     1678     1706      1728      1756      1778      1800      1828
        3900    1494     1528     1564     1596     1630     1668    1702       1862   1902     1936     1970      2004      2038      2072      2104      2140
                1352     1376     1402     1426     1450     1476    1502       1648   1684     1706     1730      1758      1782      1808      1832      1858
        4000    1508     1538     1574     1606     1640     1678    1712       1880   1918     1952     1986      2020      2056      2090      2124      2158
                1360     1388     1412     1440     1462     1490    1514       1664   1696     1722     1748      1774      1798      1824      1848      1876
        4100    1518     1550     1586     1618     1654     1694    1726       1896   1936     1968     2004      2038      2074      2106      2142      2178
                1372     1398     1424     1450     1474     1502    1528       1676   1712     1736     1764      1790      1816      1842      1864      1894
        4200    1534     1570     1604     1640     1672     1714    1752       1920   1960     1998     2030      2068      2100      2138      2170      2206
                1390     1414     1444     1468     1494     1520    1546       1704   1736     1762     1790      1816      1844      1870      1896      1920
        4300    1546     1582     1618     1652     1688     1728    1762       1938   1976     2012     2048      2082      2122      2156      2188      2226
                1402     1426     1456     1480     1508     1534    1562       1718   1754     1778     1808      1832      1860      1886      1912      1940
        4400    1566     1600     1638     1672     1708     1752    1784       1964   2006     2040     2078      2114      2150      2186      2220      2310
                1416     1444     1472     1500     1526     1552    1582       1740   1778     1802     1832      1860      1888      1914      1942      2020
        4500    1578     1612     1650     1686     1720     1762    1798       1976   2022     2058     2094      2130      2166      2202      2238      2328
                1428     1456     1482     1512     1538     1568    1594       1758   1792     1822     1848      1878      1904      1932      1958      2036
                 800      900     1000     1100     1200     1300    1400       1500   1600     1700     1800      1900      2000      2100      2200      2300

               Meer- en minderprijzen voor extra’s                                 Meer- en minderprijzen voor extra’s
               Somfy funky J4 io incl. wandzender.                    0,00/E       Elero JA (mechanische motor) bedraad incl.               -168,00/E
               Somfy RTS of Elero 868 met Elero JA                    0,00/E       schakelaar. Minderprijs
               (Mechanische motor) incl. wandzender.                               Aandrijfcombi van 2 elementen met 1 motor J4 io        -298,20/St.
               Somfy funky J4 io excl. wandzender. Minderprijs      -35,20/E       inclusief wandzender
                                                                                   Kastkoppeling van 2 elementen (per koppeling).             18,20/St.
               Somfy J4 WT (elektronische motor) bedraad incl.      -150,40/E
       176                                                                         Meerprijs
               schakelaar. Minderprijs
