                                                                          Opbouwscreens (Inbouw)
                                                                          RA zipSCREEN
                                                                          Aluminium-Kunststof-Systeem

                                                                                                                                       Motor




      2100          2200         2300          2400               2500          2600          2700          2800         2900         3000
      1596          1630          1670             1708            1746          1786         1824          1862         1896          1934 1000

       1618         1654          1694             1732            1774          1812         1850          1888         1928          1964 1100

      1636          1674          1716             1758            1796         1840          1876          1916         1954          1994 1200

      1658          1698          1740             1780            1822         1864          1904          1942         1984          2022 1300

      1678          1718          1764             1802            1846         1890          1930          1972         2010          2050 1400

      1700          1740          1784             1826            1870          1916         1956          1998         2040          2082 1500

       1720         1764          1808             1850            1896         1940          1984          2024         2068          2108 1600

       1742         1784          1832             1872            1920         1966          2008          2052         2094          2140 1700

      1764          1808          1854             1896            1944         1994          2036          2080         2124          2168 1800

      1784          1828          1874             1922            1970          2018         2064          2106         2152          2198 1900

      1806          1850          1898             1944            1996         2044          2088          2136         2178          2226 2000

      1826          1872          1922             1970            2018          2070          2116         2162         2212          2256 2100

      1848          1894          1944             1994            2044         2092          2142          2186         2238          2286 2200

      1868          1916          1970             2016            2068          2118         2168          2218         2264          2312 2300

      1892          1940          1992         2040                2092          2146         2196          2244         2294          2340 2400

       1916         1966          2016         2068                2116          2170         2222          2268         2322          2372   2500




                                                                                                                                                     RA zipSCREEN
      1940          1994          2042         2092                2146          2196         2246          2300         2350          2400   2600

      1962          2014          2066             2118            2170         2222          2272          2326         2378          2428   2700

      1984          2032          2088             2142            2192         2246          2302          2354         2404          2460   2800

      2004          2060          2110             2164            2220         2272          2326          2380         2434          2486   2900

      2024          2080          2136             2186            2244         2300          2352          2406         2462          2520   3000

      2048          2104          2160             2218            2268         2326          2382          2440         2492          2550   3100

      2070          2126          2180             2240            2296         2352          2406          2466         2524          2576   3200

      2090          2150          2204         2262                2318         2378          2438          2490         2550          2610   3300

       2110         2170          2228         2288                2344         2402          2462          2522         2576          2636   3400

      2132          2190          2250             2310            2372          2428         2486          2548         2608          2668   3500

      2100          2200         2300          2400               2500          2600          2700          2800         2900         3000




Meerprijs voor bediening-extra’s
                                                                               INTEGO
Somfy Maestria WT/Elero SunTop/Z                          -130,00/E
Minderprijs excl. wandzender.                              -35,20/E            Styrodurplaat 8 mm + hoekprofiel 25 mm,     26,40 /St./m.
Becker S18 SMI                                             234,00/E            of styrodurplaat 15 mm + hoekprofiel
Kastcombinatie van 2 elementen, aangestuurd door           33,00/St.           30 mm; alleen binnen of buiten mogelijk
2 motoren (Geen mechanische koppeling mogelijk).

Tip:
De prijzen hebben betrekking op elementen met Maestra+ io
motoren incl. een Smoove io wandzender.




                                                                                            Prijslijst elementen                               273
