                                                                                  Raffstore
                                                                                  .P geëxtrudeerd
                                                                                  RONDO | PENTO | QUADRO | INTEGO                                   Raffstoren

                                                                                                                                      Motor
                                                           3000 mm
                                                           1x windzekering bij
                                                           CDL aanbevolen


 2400    2500     2600    2700    2800     2900   3000     3100    3200    3300    3400     3500    3600    3700       3800   3900    4000
 1508    1540     1570    1602    1622     1648   1682      1712   1736    1766     1792    1822    1850        1876   1906   1936    1964   800

 1538    1562     1594    1622    1648     1682   1708      1744   1772    1794    1828     1850    1880        1912   1936   1966    1998   900

 1602    1626     1656    1688     1716    1750   1776      1810   1838    1870    1900     1930    1958     1988      2018   2048    2080   1000

 1656    1688     1716    1750     1784    1814   1848      1876   1906    1942     1974    1998    2032    2062       2098   2128    2156   1100

 1708    1746     1772    1810    1842     1876   1912      1942   1978    2008    2042     2076    2106        2140   2168   2200    2232   1200

 1772    1810     1842    1870     1912    1942   1980      2018   2054    2086     2118    2156    2190    2222       2256   2286    2322   1300

 1842    1880     1914    1956    1988     2026   2062      2100   2140    2168     2214    2246    2286     2324      2356   2394    2434   1400

 1876    1920     1958    1994    2032     2068   2108      2148   2186    2224    2262     2300    2338     2378      2416   2454    2494   1500

 1936    1978     2014    2054    2100     2134   2172      2218   2256    2296    2332     2374    2414     2452      2494   2536    2570   1600

 2004    2042    2086     2128    2168     2218   2256     2290    2332    2378     2418    2458    2498    2544       2580   2620    2662   1700

 2062    2108     2150    2190    2234     2278   2324      2370   2410    2452    2488     2538    2580        2618   2662   2700    2740   1800

 2100    2148     2190    2234    2278     2324   2370      2414   2458    2500    2550     2592    2642    2686       2726   2780    2826   1900

 2162    2208     2256    2300    2348     2394   2442     2482    2538    2580    2626     2678    2720     2768      2814   2862    2906   2000

 2192    2244     2288    2332    2390     2434   2480     2528    2576    2626    2678     2720    2768        2814   2866   2916    2962   2100

 2256    2300    2348     2398    2450     2498   2550     2596    2646    2700    2750     2800    2846    2900       2942   2994    3044   2200

 2304    2356     2414    2458     2516    2562   2612     2638    2668    2768     2814    2870    2924     2970      3020   3070    3122   2300

 2364    2416     2470    2522    2570     2604   2634     2662    2694    2838    2894     2942    3000    3058       3100   3132    3160   2400

 2418    2472     2528    2580     2614    2638   2672     2700    2726    2906    2968     3020    3076        3120   3148    3174   3206   2500

 2478    2536     2570    2598    2634     2662   2694     2850    2874    2986    3032     3082    3116        3142   3170   3204    3234   2600

 2536    2572    2604     2636    2664     2698   2854     2884    2918    3058    3094     3130    3156     3186      3220   3246    3278   2700

 2566    2596     2628    2662    2696     2852   2880      2916   2946    3094     3126    3156    3186    3220       3246   3284    3308   2800

 2590    2620    2650     2684    2846     2870   2904     2936    2970    3120     3152    3178    3218     3242      3276   3306    3340   2900

 2620    2654    2686     2848     2874    2910   2942     2976    3006    3160    3192     3226    3258    3290       3320   3358    3386   3000

 2646    2680    2838     2868    2904     2936   2970     3000    3030    3186    3222     3252    3286        3316   3356   3384    3418   3100

 2680    2712     2870    2904    2936     2972   3004     3034    3072    3230    3262     3294    3324    3362       3394   3428    3462   3200

 2700    2860     2894    2928    2962     2998   3028     3068    3098    3254    3288     3320    3360    3388       3424   3454    3490   3300

 2848    2880     2918    2950    2986     3016   3056     3090    3126    3284     3316    3352    3384    3420       3452   3490    3520   3400

 2880    2918     2950    2988    3020     3058   3092      3130   3160    3320    3360     3388    3426    3462       3498   3532    3566   3500

 2400    2500     2600    2700    2800     2900   3000     3100    3200    3300    3400     3500    3600    3700       3800   3900    4000




Meer- en minderprijzen voor extra’s                                Meer- en minderprijzen voor extra’s
Somfy funky J4 io incl. wandzender.                      0,00/E    Elero JA (mechanische motor) bedraad incl.            -168,00/E
Somfy RTS of Elero 868 met Elero JA                      0,00/E    schakelaar. Minderprijs
(Mechanische motor) incl. wandzender.                              Aandrijfcombi van 2 elementen met 1 motor J4 io      -298,20/St.
Somfy funky J4 io excl. wandzender. Minderprijs     -35,20/E       inclusief wandzender
                                                                   Kastkoppeling van 2 elementen (per koppeling).         18,20/St.
Somfy J4 WT (elektronische motor) bedraad incl.    -150,40/E
                                                                   Meerprijs
schakelaar. Minderprijs




                                                                                           Prijslijst elementen                               161
