2025                                                                                     Tip:
                                                                                         De prijzen hebben betrekking op elementen met RS100 io
                                                                                         incl. RS100 io Smoove, en ALUMINO lamellen en aluminium
                                                                                         geleiders. De prijs is incl. RVS schroeven en aandrukveren.



                                                                                         Meerprijs voor aanslagplaat
                                                                                         Motoren met Plug & Play-instelling en aandrukveren    17,60/St.
                                                                                         voor PURO 2.XRK

        Elementhoogte in mm
                  Elementbreedte in mm    Maximale maten voor insectenrolhor


                  800          900       1000     1100       1200         1300         1400      1500        1600        1700        1800         1900
         800      720          742       764       784        806         830          850         870        894         916         938          960

         900      732          756        778      800        822         846           870        892         916        942         962          984

        1000      746          768       790       818        840         866          890         912        940         960         988         1010

        1100      760          784       806       832        858         880          908         934        960         984        1008         1036

        1200      772          794       822       850        874         902          930         956        980        1006        1032         1058

        1300      784         808        838       864        890          918         948         974       1002        1028        1056         1082

        1400      796          826       854       880        910         938          968         996       1022        1054        1082         1106

        1500      806         840        868       894        926         956          984        1016       1042        1072        1102         1132

        1600      822          852       884       914        944          974         1004      1036        1068        1096        1126         1158

        1700      834         868        896       930        962         992          1024      1056        1088         1118       1150         1180

        1800      848         882         914      946        978         1010         1046       1076       1108        1142        1172         1206

        1900      864         892         928      962        992         1028         1062      1098        1130        1162        1198         1230

        2000      874         908        946       978       1012         1048         1082       1118       1150        1186        1220         1254

        2100      888          922       958       992       1030         1066         1102       1138        1172       1208        1244         1282

        2200      898         934         972     1010       1048         1082         1122       1158       1196        1232        1266         1304

        2300      914          952       988      1026       1064         1102         1140       1180       1216        1254        1292         1328

        2400      924         966        1002     1044       1082         1118         1158      1200        1238        1274        1314         1352

        2500      938         980        1018     1060       1096         1138         1180       1220       1258        1300        1338         1378

        2600      952         992        1034     1076       1114         1156         1200      1236        1278        1320        1362         1404

        2700      966         1006       1050     1090       1132         1172         1216       1258       1300        1342        1382         1424

        2800      978         1022       1064     1106       1148         1192         1236       1278       1322        1366        1410         1450

        2900      990         1034       1080     1122       1166         1212         1256      1300        1346        1386        1434         1474

        3000     1002         1050       1094     1138       1186         1226         1274       1320       1364        1414        1454         1500

        3100     1016         1064       1108     1154       1202         1248         1294      1340        1386        1432        1478         1526

        3200     1030         1078       1122     1170       1218         1266         1314      1360        1408        1454        1500         1548

        3300     1044         1090       1138     1188       1236         1284         1332      1380        1428        1478        1526         1572

        3400     1056         1106       1152     1204       1252         1304         1354      1400        1452        1498        1548         1598

        3500     1070         1118       1168     1220       1268         1320         1368       1424       1472        1524        1572         1622

        3600     1082         1132       1186     1236       1286         1340         1390       1442       1494        1544        1596         1646

        3700     1094         1148       1200     1252       1304         1356         1412       1462        1514       1568        1618         1672

        3800     1108         1162       1216     1268       1322         1374         1430       1482       1536        1586        1644         1694

        3900     1120         1172       1230     1284       1340         1392         1448      1502        1556        1610        1668         1722

        4000     1132         1190       1246     1298       1356         1412         1468       1526       1578        1634        1688

                  800          900       1000     1100       1200         1300         1400      1500        1600        1700        1800         1900
                         Meer- en minderprijzen voor extra’s en combi’s                  Meer- en minderprijzen voor extra’s en combi’s
                         Somfy OXIMO RTS/io & ILMO2 io incl.                -22,00/E     Bandbediening i.p.v. motor. Minderprijs               -412,00/E
                         wandzender. Minderprijs                                         Monobediening i.p.v. motor. Minderprijs              -304,00/E.
                         Minderprijs excl. wandzender.                      -35,00/E     Kunststofpantser. Minderprijs                         -52,00/m2
                         Motor OXIMO WT incl. schakelaar. Minderprijs      -134,00/E     Plug&Play Motor Cherubini met noodhand-                68,00/St.
                         Motor ILMO2 WT incl. schakelaar. Minderprijs      -152,00/E     bediening. Meerprijs basis prijslijst
       120
