 Vlakke lamellen


    FL 60 / FL 80
                                                                                         Gevel-buitenjaloezie
                                                                                         met geleiders
                                                                          Staaldraadgeleiding
                                                                          Minderprijs prijstabel -6% + 9,12 €                           Motor Somfy io
                                              4000 mm                                                                                   incl. Smoove io.
                                              2 x windzekering
                                              bij GL vereist

 3100   3200   3300   3400   3500   3600    3700   3800   3900     4000   4100   4200   4300   4400   4500      4600   4700   4800   4900   5000
 1078   1086   1140   1148   1158   1162    1168   1180   1192     1202   1212   1258   1270   1278   1286      1290   1302   1314   1318   1332
 1168   1178   1238   1246   1256   1262    1268   1282   1294     1306                                                                            1000
 1108   1114   1168   1176   1182   1194    1202   1214   1222     1228   1236   1290   1300   1308   1322      1326   1336   1348   1354   1366
 1202   1208   1268   1276   1284   1296    1306   1318   1328     1334                                                                            1100
 1128   1138   1194   1202   1212   1216    1226   1236   1244     1256   1266   1322   1334   1342   1348      1358   1368   1376   1386   1396
 1224   1234   1296   1306   1316   1320    1332   1342   1352     1364                                                                            1200
 1150   1160   1216   1228   1236   1246    1258   1270   1278     1286   1296   1354   1362   1376   1380      1390   1398   1410   1420   1432
 1248   1260   1320   1334   1342   1354    1366   1380   1388     1398                                                                            1300
 1166   1176   1234   1244   1256   1266    1274   1286   1298     1308   1318   1378   1388   1396   1402      1410   1420   1432   1444   1456
 1266   1276   1340   1352   1364   1376    1384   1398   1410     1422                                                                            1400
 1216   1226   1280   1288   1298   1308    1322   1338   1348     1356   1366   1422   1438   1446   1454      1462   1472   1484   1494   1510
 1320   1332   1392   1400   1410   1422    1438   1454   1466     1474                                                                            1500
 1236   1246   1308   1324   1334   1342    1352   1362   1376     1386   1396   1458   1466   1478   1486      1498   1508   1520   1530   1542
 1342   1354   1422   1440   1450   1460    1470   1482   1496     1508                                                                            1600
 1262   1270   1334   1342   1352   1362    1376   1388   1396     1408   1420   1482   1494   1506   1516      1526   1536   1550   1562   1578
 1372   1380   1450   1460   1470   1482    1496   1510   1518     1532                                                                            1700
 1286   1296   1358   1372   1386   1394    1406   1416   1430     1442   1456   1518   1528   1538   1550      1564   1574   1586   1596   1612
 1398   1408   1476   1492   1508   1516    1530   1540   1556     1570                                                                            1800
 1308   1318   1378   1390   1398   1410    1422   1446   1456     1466   1476   1536   1550   1564   1578      1586   1598   1606   1618   1636
 1422   1432   1498   1512   1520   1534    1548   1574   1584     1596                                                                            1900
 1324   1336   1402   1410   1422   1442    1454   1464   1476     1492   1506   1570   1582   1590   1602      1614   1626   1686   1694   1710
 1440   1452   1526   1534   1548   1570    1582   1594   1606     1624                                                                            2000
 1354   1366   1430   1444   1456   1466    1476   1498   1508     1526   1534   1598   1612   1626   1638      1696   1710   1718   1730   1746
 1472   1486   1556   1572   1584   1596    1606   1630   1642     1662                                                                            2100
 1368   1380   1454   1464   1476   1486    1500   1516   1530     1538   1552   1618   1678   1692   1706      1722   1732   1746   1758   1774
 1488   1502   1582   1594   1606   1618    1634   1650   1666     1674                                                                            2200
 1390   1406   1474   1484   1498   1510    1520   1538   1552     1564   1624   1692   1706   1722   1732      1746   1758   1770   1780   1802
 1512   1530   1604   1616   1630   1644    1656   1674   1690     1704                                                                            2300
 1442   1454   1518   1530   1548   1564    1578   1594   1654     1668   1684   1748   1760   1776   1790      1800   1816   1834   1846   1862
 1570   1582   1652   1666   1686   1704    1718   1736   1802     1818                                                                            2400
 1458   1472   1538   1552   1566   1578    1640   1658   1674     1690   1702   1770   1790   1800   1814      1826   1842   1852   1868   1886
 1586   1602   1674   1690   1706   1718    1788   1806   1824     1842                                                                            2500
 1484   1500   1570   1586   1648   1658    1674   1694   1710     1724   1738   1812   1824   1836   1850      1864   1884   1898   1912   1932
 1616   1634   1710   1728   1796   1806    1824   1846   1864     1880                                                                            2600
 1498   1516   1594   1650   1668   1684    1694   1714   1730     1742   1758   1832   1844   1858   1876      1888   1900   1918   1932   1952
 1630   1650   1736   1798   1818   1836    1846   1868   1886     1900                                                                            2700
 1518   1582   1654   1672   1690   1702    1714   1732   1746     1764   1776   1852   1868   1880   1896      1912   1932   1942   1956   1974
 1652   1724   1802   1822   1842   1856    1868   1888   1904     1924                                                                            2800
 1598   1614   1690   1704   1722   1732    1748   1770   1788     1800   1814   1888   1906   1918   1940      1952   1966   1982   1998   2018
 1740   1758   1842   1858   1878   1888    1906   1930   1950     1964                                                                            2900
 1616   1634   1706   1722   1736   1756    1766   1790   1802     1824   1836   1914   1932   1946   1960      1976   1994   2008   2026   2042
                                                                                                                                                   3000




                                                                                                                                                           Gevel-buitenjaloezie
 1760   1780   1860   1878   1892   1914    1926   1952   1966     1990
 1640   1656   1732   1748   1764   1778    1798   1822   1834     1852   1868   1942   1956   1976   1998      2012   2028   2042   2060   2076
 1788   1804   1888   1906   1924   1938    1960   1988   2000     2020                                                                            3100
 1658   1674   1756   1770   1792   1810    1824   1842   1858     1876   1894   1972   1992 2006     2020      2038   2056   2072   2216   2234
 1806   1824   1914   1930   1954   1974    1990   2010   2026     2046                                                                            3200
 1684   1696   1776   1792   1810   1824    1844   1862   1880     1896   1912   1992   2008   2026   2042      2062   2204   2220   2238   2266
 1836   1848   1936   1954   1974   1990    2012   2032   2052     2068                                                                            3300
 1726   1742   1822   1842   1858   1878    1896   1918   1934     1950   1970   2046   2064   2080   2226      2244   2258   2286   2302   2322
 1882   1900   1988   2010   2026   2048    2068   2092   2110     2128                                                                            3400
 1748   1766   1846   1864   1884   1900    1920   1940   1956     1974   1992   2074   2094   2244   2258      2276   2292   2310   2328   2352
 1906   1926   2014   2034   2056   2074    2096   2118   2134     2154                                                                            3500
 1776   1794   1872   1894   1912   1930    1946   1966   1986     2006   2028   2234   2254   2272   2290      2308   2328   2350   2368   2390
 1936   1956   2042   2066   2086   2106    2124   2146   2168     2190                                                                            3600
 1792   1812   1894   1912   1932   1946    1964   1992   2006     2026   2170   2256   2276   2292   2316      2334   2352   2368   2388   2408
 1954   1976   2066   2086   2108   2124    2144   2174   2190     2212                                                                            3700
 1814   1834   1920   1940   1956   1974    1994   2016   2162     2188   2210   2290   2308   2324   2342      2362   2388   2406   2424   2444
 1978   2000   2096   2118   2134   2154    2176   2200   2362     2390                                                                            3800
 1844   1862   1946   1964   1986   2006    2026   2182   2200     2216   2234   2322   2340   2362   2378      2398   2416   2434   2456   2480
 2012   2032   2124   2144   2168   2190    2212   2384   2404     2420                                                                            3900
 1862   1884   1970   1992   2008   2030    2180   2202   2220     2244   2258   2344   2364   2388   2406      2428   2450   2468   2486   2512
 2032   2056   2150   2174   2192   2216    2382   2406   2426     2452                                                                            4000
 1880   1900   1986   2006   2028   2174    2200   2222   2244     2258   2282   2368   2390   2410   2432      2450   2468   2486   2510   2538
 2052   2074   2168   2190   2214   2374    2404   2428   2452     2466                                                                            4100
 1910   1930   2016   2034   2188   2204    2226   2252   2270     2292   2316   2402   2424   2442   2464      2484   2508   2528   2550   2572
 2084   2106   2200   2220   2390   2408    2432   2460   2480     2504                                                                            4200
 1952   1970   2060   2210   2230   2248    2272   2300   2320     2340   2362   2450   2474   2494   2516      2536   2554   2574   2592   2626
 2130   2150   2250   2414   2436   2456    2482   2514   2536     2558                                                                            4300
 1972   1998   2214   2244   2266   2282    2304   2328   2350     2372   2396   2484   2508   2530   2552      2570   2592   2616   2636   2658
 2152   2180   2418   2452   2476   2494    2518   2544   2568     2592                                                                            4400
 1992   2148   2234   2256   2280   2300    2322   2352   2374     2392   2412   2508   2528   2550   2570      2590   2614   2636   2656   2682
 2174   2346   2440   2464   2492   2514    2538   2570   2594     2614                                                                            4500
 2146   2166   2254   2282   2302   2328    2350   2374   2396     2416   2440   2530   2552   2574   2596      2618   2644   2666   2688   2710
                                                                                                                                                   4600
 2174   2196   2288   2310   2332   2352    2374   2402   2430     2450   2472   2564   2584   2604   2636      2656   2682   2702   2722   2748
                                                                                                                                                   4700
 2188   2210   2308   2332   2352    2374   2396   2424   2444     2472   2494   2588   2612   2632   2652      2682   2702   2724   2748   2776
                                                                                                                                                   4800
 2216   2244   2334   2362   2386   2406    2432   2460   2480     2508   2530   2626   2648   2674   2694      2720   2746   2766   2788   2814
                                                                                                                                                   4900
 2234   2256   2352   2374   2402   2430    2450   2476   2504     2526   2548   2648   2672   2692   2714      2738   2764   2788   2814   2840
                                                                                                                                                   5000
 3100   3200   3300   3400   3500   3600    3700   3800   3900     4000   4100   4200   4300   4400   4500      4600   4700   4800   4900   5000
Minderprijs motor bij combi’s                                              Koven koppelen
Aandrijfcombi van 2 elementen met 1 motor J4 io      -298,20/St.           Stootstuk om 2 koven te koppelen                          27,60/St.
inclusief 1 wandzender (zonder koofkoppeling).                             (koofbreedte max 4m).

                                                                                          Prijslijst elementen                                     201
