                                Comfort & Design Lamelle
2025
                                          CDL 70



       Elementprijs met CDL - lamel
                                                                                                                3000 mm
        Elementhoogte in mm                                                                                     1 x windzekering
                   Elementbreedte in mm                                                                         vereist

             1000 1100 1200 1300 1400 1500 1600 1700 1800 1900 2000 2100 2200 2300 2400 2500 2600 2700 2800 2900 3000
       1000 1008 1024 1034 1044 1066 1090 1098            1116 1130 1134   1142 1154 1160 1166 1208 1218 1220 1234 1242 1248 1264

       1100 1024 1044 1056 1066 1078          1116 1130 1134   1142 1156 1160   1172 1182 1200 1230 1234 1250 1264     1274 1282 1290

       1200 1044 1062 1068 1080 1094 1138          1144 1156 1164   1172 1188 1202 1210 1220 1248 1262 1282 1288 1300 1310         1314

       1300 1062 1078 1092 1106       1120 1154 1160      1178 1188 1202 1210 1224 1234 1240 1282 1288 1304 1312 1326 1336 1348

       1400 1070 1090 1106       1118 1136 1166 1182 1196 1206 1210 1224 1234 1248 1266 1290 1306 1326 1332 1348 1356 1370

       1500 1106 1122 1136       1144 1160 1194 1204 1220 1238 1244 1262 1272 1286 1296 1348 1356 1372 1380 1394 1408 1426

       1600 1120 1136      1152 1162 1188 1208 1220 1230 1244 1262 1272 1286 1296 1310 1370 1378 1396           1410 1426 1436 1450

       1700 1132    1152 1160 1166 1202 1218 1230 1242 1250 1266 1282 1290 1304 1320 1396           1410 1426 1438 1450 1460 1482

       1800 1138 1154 1164       1178 1206 1234 1244 1264      1274 1286 1304 1320 1332 1348 1422 1432 1450 1470 1484 1496         1510

       1900 1142 1160      1176 1186 1216 1248 1266 1278 1292 1310 1320 1336 1348 1362 1438 1458 1472 1486 1498             1514 1524

       2000 1152 1164      1178 1196 1226 1268 1286 1292 1312 1330 1348 1356 1372 1386 1462 1482 1498           1514 1524 1538 1556

       2100 1154    1176 1188 1206 1230 1290 1304         1314 1336 1352 1364 1378 1394   1414 1492 1506 1526 1538 1556 1570 1582

       2200 1160 1182 1194 1210 1242 1310 1326 1340 1354 1370 1380 1396              1414 1430 1506 1520 1548 1564 1580 1596 1604

       2300 1176 1196 1208 1224 1262 1320 1336 1354 1370 1380 1396 1420 1432 1448 1534 1554 1570 1582 1600 1614 1630

       2400 1218 1234 1248 1266 1290 1372 1386 1406 1420 1436 1450 1470 1484 1502 1582 1602 1624 1642 1656 1670 1686

       2500 1226 1248 1266 1282 1304 1380 1406 1426 1438 1454 1470 1486 1502 1524 1604 1620 1644 1662                  1674 1694   1714

       2600 1244 1266 1286 1300 1326          1410 1430 1444 1458   1474 1492   1514 1532 1554 1642 1652   1674 1694   1712 1728   1746

       2700 1262 1282 1304       1314 1340 1422 1444 1458 1482 1498        1514 1532 1548 1568 1652 1670 1694   1712 1728   1746 1760

       2800 1274 1292 1312 1330 1356 1438 1458 1472 1496            1514 1532 1554 1568 1582 1668 1686     1714 1736 1750 1770 1790

       2900 1290 1314 1336 1354 1376 1460 1482 1498 1520 1534 1556 1576 1592 1606 1704 1726                1748 1762 1788 1800 1820

       3000 1304 1332 1352 1370 1388          1474 1498   1516 1534 1556 1578 1596 1614 1630 1724 1738 1770 1790 1804 1822 1898

       3100 1320 1348 1364 1380 1408 1496          1514 1538 1558 1578 1600 1618 1636 1652 1750 1772 1796 1814 1832 1908 1930

       3200 1332 1356 1376 1394 1426          1516 1534 1558 1578 1596 1614 1630 1656     1674 1772 1792 1816 1838 1914 1936 1954

       3300 1352 1376 1394       1414 1438 1526 1548 1576 1596 1618 1636 1652        1674 1694 1792 1812 1838 1914 1932 1950 1982

       3400 1394 1420 1438 1458 1486 1580 1602 1620 1642 1662 1678 1704 1728 1750 1842 1866 1946 1966 1990 2014 2034

       3500 1410 1436 1454       1474 1502 1596 1620 1644 1662 1684 1704 1726        1746 1770 1868 1946 1970 1994 2014 2036 2060

       3600 1422 1450 1472 1496 1520 1618 1636 1656 1678 1704 1728 1752 1772 1796 1950 1970 2002 2026 2042 2066 2090

       3700 1436 1460 1484 1506 1532 1630 1652 1670 1704 1724              1746 1762 1790 1866 1968 1994 2024 2042 2064 2088 2106

       3800 1454 1482 1506 1532 1558 1656          1674 1696 1724   1748 1772 1796 1872 1894 2002 2024 2048 2074 2096       2114 2140

       3900 1470 1498 1524 1548 1576 1670 1694 1724            1748 1770 1792 1814 1898 1920 2026 2048 2074 2096       2114 2146 2172

       4000 1486    1514 1534 1570 1596 1694       1718   1746 1762 1792 1814 1894 1916 1942 2048 2066 2102 2128 2146       2174 2196

       4100 1506 1532 1556 1580 1604          1712 1734 1758 1780 1804 1884 1908 1932 1958 2064 2090 2120 2144 2170 2194 2218

       4200 1516 1548 1570 1596 1624 1728 1752 1776 1800 1822 1906 1936 1958 1986 2090              2112 2144 2170 2198 2224 2246

       4300 1564 1590 1614 1636 1666 1770 1796 1822 1844 1936 1958 1986 2010 2036 2146 2172 2198 2220 2246 2276 2302

       4400 1576 1602 1630 1652 1692 1796 1820 1844 1872 1954 1982 2012 2036 2060 2172 2196 2224 2250 2278 2304 2328

       4500 1582 1614 1644 1668 1696 1804 1832 1860 1946 1970 2002 2024 2048 2074 2184 2208 2244 2276 2300 2324 2348
             1000 1100 1200 1300 1400 1500 1600 1700 1800 1900 2000 2100 2200 2300 2400 2500 2600 2700 2800 2900 3000




              Koofprijzen zie pagina 190



       198                    Prijslijst elementen
