                                                                  Opbouwrolluiken (Inbouw)
                                                                  RA.2
                                                                  Dubbelwandige kunststofkast
                                                                                                                            Plug & Play
                                                                                                                           Motor RS100 io
                                                                                                                           incl. Smoove
                                                                                                                           RS100 io
                                                                                                                           standaard

                                                           ALUMINO 34                  ALUMINO 44                ALUMINO 37

                                                                                                                 ALUMINO 52

      2000        2100         2200          2300       2400      2500          2600        2700         2800   2900          3000

       818         832          850          862         878       894           912         926         942    956            974   800

       830         844          862           876        892       912           926         942         960     978           992   900

       844         864          876          892         910       930           946         964         980    998           1014   1000

       872         888          904          922         942       960           978         996         1014   1032          1050   1100

       894         916          936          954         974       988          1010        1026         1048   1062          1086   1200

       924         944          962          984        1000      1022          1044        1062         1082   1100          1120   1300

       956         976          994          1018       1038      1058          1080        1098         1120   1142          1160   1400

       980         998         1022          1044       1064      1086          1104        1126         1148   1170          1190   1500

       998        1022         1044          1068       1090      1110          1134        1156         1176   1202          1220   1600

      1028        1052         1074          1098       1120      1146          1166        1186         1214   1236          1258   1700

      1064        1088         1110          1134       1158      1182          1208        1230         1254   1276          1300   1800

      1080        1106         1132          1158       1182      1208          1226        1254         1278   1304          1328   1900

      1108        1134         1160          1186       1212      1238          1262        1288         1314   1342          1362   2000

      1122        1150         1176          1204       1228      1256          1282        1306         1334   1360          1386   2100

      1148        1176         1204          1230       1256      1284          1312        1338         1366   1394          1422   2200

      1174        1204         1230          1258       1288      1314          1342        1370         1398   1424          1452   2300

      1198        1228         1256          1288       1318      1344          1372        1400         1430   1460          1488   2400

      1226        1256         1284          1314       1344      1374          1404        1432         1462   1492          1522   2500

      1250        1282         1312          1342       1372      1404          1436        1464         1496   1526                 2600

      1276        1306         1338          1370       1400      1432          1464        1498         1528                        2700



                                                                                                                                            KARO/RA.2
      1304        1334         1366          1398       1430      1462          1496        1528                                     2800

      1326        1360         1394          1424       1460      1492          1526                                                 2900

      1354        1386         1422          1452       1488      1522                                                               3000

      1378        1414         1446          1482       1516                                                                         3100

      1402        1438         1476          1510                                                                                    3200

                                                                                                                                     3300

                                                                                                                                     3400

                                                                                                                                     3500

                                                                                                                                     3600
Meerprijzen
Meer-  en minderprijzen
             voor extra’svoor
                          en combi’s
                              extra’s en combi’s
Aandrijfcombi van 2 elementen met 1 motor        -326,20/St.            Meerprijs voor Kunststof 14/53                 + 14,40/E     3700
RS100 io incl. RS100 io Smoove. Minderprijs
Kastkoppeling van 2 elementen (per koppeling).     18,20/St.                                                                         3800
Meerprijs
                                                                                                                                     3900

                                                                                                                                     4000

      2000        2100         2200          2300       2400      2500          2600        2700         2800   2900          3000

     Plug & Play motor zie pagina 283
     Meer draadloze motoren zie pagina 124



                                                                                       Prijslijst elementen                           133
