2025                                                                                             Planningshulp /
                                                                                                 Windweerstandsklasse
                                                                                                 Buitenjaloezieën



       Windstabiliteit buitenjaloezieën

       CDL
       Windstabiliteit in m/s
       Hoogte Breedte (tot)
       (tot)   1000   1500      2000   2500   3000   3500   4000   4500   5000
        1000    22      22      20     20     20     20     20
        1500    22      22      20     20     20     16     16
        2000    22      22      20     20     20     16     16
        2500    22      22      20     20     20     16     16
        3000    22      22      20     20     20     16     16
        3500    20      20      20     16     16     16     16
        4000    20      20      20     16     16     16     16
        4500    20      20      20     16     16     16     13
        5000




       DBL/ZL met geleiders                                                       DBL/ZL met staaldraadgeleiding
       Windstabiliteit in m/s                                                     Windstabiliteit in m/s
       Hoogte Breedte (tot)                                                       Hoogte Breedte (tot)
       (tot)   1000   1500      2000   2500   3000   3500   4000   4500   5000    (tot)   1000   1500    2000   2500    3000   3500     4000   4500   5000
        1000     17     17      17     17     17     17     17                     1000     17      17    17     17     17     17       17
        1500     17     17      17     17     17     17     17                     1500     17      17    17     17     17     17       17
        2000     17     17      17     17     17     17     17                     2000     17      17    17     17     17     17       17
        2500     17     17      17     17     17     17     17                     2500     17      17    17     17     13     13       13
        3000     17     17      17     17     17     17     17                     3000     17      17    17     13     13     13       10
        3500     17     17      17     17     17     17     17                     3500     17      17    13     13     13     10       10
        4000     17     17      17     17     17     17     17                     4000     17      13    13     13     10     10       10
        4500     17     17      17     17     17     17     13                     4500     13      13    13     10     10     10        8
        5000                                                                       5000




       GL met geleiders                                                           GL met staaldraadgeleiding
       Windstabiliteit in m/s                                                     Windstabiliteit in m/s
       Hoog- Breedte (tot)                                                        Hoog- Breedte (tot)
       te (tot) 1000 1500       2000   2500   3000   3500   4000   4500   5000    te (tot) 1000 1500     2000   2500    3000   3500     4000   4500   5000
        1000    17      17      17     17     17     17     17     17     17       1000     17      17    17     13     13     13       13     13     13
        1500    17      17      17     17     17     13     13     13     13       1500     17      17    17     13     13     13       13     13     10
        2000    17      17      17     17     17     13     13     13     13       2000     17      17    17     13     13     13       13     13     10
        2500    17      17      17     17     17     13     13     13     13       2500     17      17    13     13     10     10       10     10     10
        3000    17      17      17     17     17     13     13     13     13       3000     13      13    13     10     10     10        8      8      8
        3500    17      17      17     13     13     13     13     13     10       3500     13      13    10     10     10      8        8      8      8
        4000    17      17      17     13     13     13     13     10     10       4000     13      10    10     10      8      8        8      8      8
        4500    17      17      17     13     13     13     10     10     10       4500     10      10    10        8    8      8        5      5      5
        5000    13      13      13     13     13     10     10     10     10       5000     10      10     8        8    8      5        5      5      5




       Maatvoering in mm | FL = vlakke lamel, GL = gekraalde lamel, DBL = Driebogen lamel, ZL = Z lamel, CDL = Comfort & Design Lamel




       42
