2025
                                     Z-lamellen              S-lamellen                 Gekraalde lamellen


                                           ZL 81                  DBL 70                        GL 85



                                                                                 .XP element berekening
       Blauw: Elementprijs met GL 85
       Zwart: Elementprijs met ZL en DBL
        Elementhoogte in mm
                                                                                 prijstabel + 5% - € 8,40
                   Elementbreedte in mm


                800      900     1000       1100   1200   1300   1400     1500   1600    1700     1800     1900     2000     2100       2200   2300
                994     1002     1022       1044   1068   1097   1121     1090   1110    1146     1164     1200     1216     1238       1264   1286
         800
               1050     1058     1080       1104   1130   1159   1185     1154   1176    1214     1234     1272     1290     1312       1340   1364
                998     1012     1030       1050   1084   1109   1135     1104   1124    1164     1178     1216     1230     1256       1284   1302
         900
               1054     1070     1088       1110   1146   1173   1201     1170   1190    1234     1248     1290     1304     1332       1362   1382
               1012     1026     1050       1086   1116   1151   1187     1152   1170    1210     1228     1254     1282     1306       1334   1358
        1000
               1070     1084     1110       1148   1180   1217   1257     1220   1240    1282     1302     1330     1360     1386       1416   1442
               1046     1060     1078       1106   1142   1171   1211     1182   1204    1228     1270     1292     1326     1350       1378   1408
        1100
               1106     1120     1140       1170   1208   1239   1281     1252   1276    1302     1348     1370     1406     1432       1462   1494
               1062     1076     1114       1148   1186   1217   1261     1220   1252    1278     1302     1340     1366     1392       1420   1450
        1200
               1124     1138     1178       1214   1256   1289   1335     1294   1328    1356     1382     1422     1450     1478       1508   1540
               1108     1118     1144       1190   1218   1259   1283     1254   1282    1314     1348     1370     1412     1444       1472   1500
        1300
               1172     1182     1210       1260   1290   1333   1359     1330   1360    1394     1430     1454     1498     1534       1564   1594
               1124     1140     1168       1216   1254   1281   1327     1286   1324    1354     1386     1432     1468     1494       1530   1562
        1400
               1190     1206     1236       1288   1328   1357   1405     1364   1404    1436     1472     1520     1558     1586       1626   1660
               1156     1172     1204       1246   1276   1317   1353     1324   1354    1388     1426     1468     1492     1526       1562   1590
        1500
               1224     1240     1274       1320   1352   1395   1433     1404   1436    1474     1514     1558     1584     1620       1660   1690
               1174     1188     1218       1264   1308   1345   1397     1360   1386    1420     1454     1494     1534     1568       1602   1640
        1600
               1244     1258     1290       1338   1386   1425   1481     1444   1472    1508     1544     1586     1630     1666       1702   1742
               1188     1206     1254       1304   1336   1379   1433     1404   1426    1460     1486     1538     1586     1618       1658   1694
        1700
               1258     1278     1328       1382   1416   1461   1519     1490   1514    1550     1578     1634     1686     1720       1762   1800
               1214     1238     1284       1326   1368   1413   1459     1430   1460    1500     1538     1590     1632     1670       1706   1740
        1800
               1286     1312     1360       1406   1450   1497   1547     1518   1550    1594     1634     1690     1734     1776       1814   1850
               1236     1256     1300       1356   1402   1451   1489     1460   1486    1538     1582     1618     1658     1696       1736   1770
        1900
               1310     1330     1378       1438   1486   1539   1579     1550   1578    1634     1680     1720     1762     1802       1846   1882
               1258     1278     1330       1382   1434   1477   1523     1494   1538    1586     1622     1670     1706     1742       1784   1824
        2000
               1332     1354     1410       1466   1520   1567   1615     1586   1634    1686     1724     1776     1814     1852       1896   1940
               1290     1310     1364       1408   1450   1503   1543     1524   1562    1602     1644     1688     1724     1766       1808   1850
        2100
               1368     1388     1446       1492   1538   1595   1637     1618   1660    1702     1748     1794     1832     1878       1922   1968
               1314     1334     1388       1434   1484   1529   1577     1562   1598    1640     1684     1724     1766     1810       1852   1890
        2200
               1392     1414     1472       1520   1574   1623   1673     1660   1698    1742     1790     1832     1878     1924       1970   2010
               1338     1364     1414       1468   1512   1563   1611     1590   1640    1676     1724     1760     1810     1858       1896   1942
        2300
               1418     1446     1500       1558   1604   1659   1709     1690   1742    1782     1832     1872     1924     1976       2016   2066
               1368     1390     1446       1500   1544   1593   1649     1626   1670    1720     1758     1810     1852     1896       1946   1984
        2400
               1450     1474     1534       1592   1638   1691   1751     1728   1776    1828     1870     1924     1970     2016       2070   2110
               1394     1422     1476       1524   1578   1627   1675     1666   1708    1754     1802     1850     1890     1942       1986   2026
        2500
               1478     1508     1566       1618   1674   1727   1779     1770   1816    1864     1916     1968     2010     2066       2114   2156
               1424     1444     1502       1556   1608   1661   1713     1696   1742    1792     1842     1888     1938     1984       2016   2042
        2600
               1510     1532     1594       1652   1706   1763   1819     1802   1852    1906     1960     2008     2062     2110       2146   2174
               1444     1474     1530       1584   1640   1695   1751     1730   1778    1834     1878     1934     1980     2012       2042   2068
        2700
               1532     1564     1624       1682   1742   1799   1859     1840   1890    1950     1998     2058     2106     2140       2174   2200
               1476     1500     1558       1618   1666   1729   1777     1770   1822    1868     1922     1970     2004     2034       2060   2082
        2800
               1566     1592     1654       1718   1768   1837   1887     1882   1938    1986     2044     2096     2132     2164       2192   2216
               1500     1528     1586       1644   1702   1755   1795     1802   1858    1914     1960     1998     2020     2048       2076   2100
        2900
               1592     1622     1684       1746   1808   1863   1907     1916   1976    2036     2086     2126     2150     2180       2210   2236
               1528     1558     1620       1676   1730   1787   1815     1840   1890    1948     1992     2018     2046     2074       2100   2128
        3000
               1622     1654     1720       1780   1838   1899   1927     1956   2010    2072     2120     2148     2178     2208       2236   2266
               1560     1582     1642       1706   1762   1801   1831     1876   1932    1980     2006     2036     2062     2090       2118   2146
        3100
               1656     1680     1744       1812   1872   1913   1945     1996   2056    2106     2134     2166     2194     2224       2254   2284
               1578     1616     1672       1732   1788   1819   1853     1910   1964    2002     2030     2058     2086     2114       2144   2174
        3200
               1676     1716     1776       1840   1900   1933   1969     2032   2090    2130     2160     2190     2220     2250       2282   2314
               1612     1638     1700       1764   1802   1835   1863     1920   1986    2016     2046     2076     2104     2132       2162   2192
        3300
               1712     1740     1806       1874   1914   1949   1979     2042   2114    2146     2178     2210     2240     2270       2302   2334
               1634     1668     1732       1782   1814   1847   1877     1938   2002    2034     2062     2092     2118     2148       2180   2206
        3400
               1736     1772     1840       1894   1928   1963   1995     2062   2130    2164     2194     2226     2254     2286       2320   2348
               1662     1692     1758       1800   1832   1865   1897     1956   2026    2056     2082     2114     2144     2174       2202   2340
        3500
               1766     1798     1868       1912   1946   1981   2015     2082   2156    2188     2216     2250     2282     2314       2344   2492
                 800     900     1000       1100   1200   1300   1400     1500   1600    1700     1800     1900     2000     2100       2200    2300




                                                                                    Opmerking:
                                                                                    De prijzen hebben betrekking op elementen met io-motor. De
                                                                                    prijs is inclusief roestvrijstalen schroeven, smoove io wandzen-
                                                                                    der en kast aan achterzijde gesloten.



                                                                                    INTEGO.P-RS

                                                                                    Meerprijs voor uitvoering INTEGO                     26,40/St./m
                                                                                    (Stucvoorbereiding 8/15 mm, stucprofiel
                                                                                    25/30 mm en fries).

       162                     Prijslijst elementen                                 (Lijstprijs element + 26,40/St./m elementbreedte)
