                                                   Voorzetscreens/Inbouwscreens
                                                    zipSCREEN.2
                                                                                                                          zipSCREEN.2
                                                    geëxtrudeerd

                                                                                                        Motor Somfy io
                                                                                                        incl. Smoove io


                                   As ø 63               As ø 85       As ø 78

3100   3200   3300   3400   3500   3600   3700   3800   3900   4000
1848   1872   1896   1918   1942   1990   2012 2038 2062       2138 1000

1890   1914   1938   1962   1988 2034 2060 2084         2110   2188 1100

1932   1956   1980 2006 2030 2080         2104   2132   2156 2238 1200

1972   1998   2024 2050     2076   2126   2152   2180 2206 2286 1300

2012 2040 2066 2094         2120   2172 2200     2224 2254 2336 1400

2056 2082     2112   2138   2164   2216   2248   2274 2304 2384 1500

2096   2126   2152   2182 2208 2262 2290 2322 2348             2434 1600

2136   2166   2196   2224   2256 2308 2338       2370 2398     2484 1700

2180 2208     2240   2270 2302 2356 2384         2416   2448 2532 1800

2218   2252 2282     2312 2344 2398       2432   2462   2496 2582 1900

2260 2290     2324 2358 2390       2446   2480   2512 2546     2628 2000

2302 2332     2370 2400     2434   2490   2522 2558 2590       2678 2100

2342   2376   2410   2444   2480 2534     2570 2606 2640       2728 2200

2384   2418   2452   2488   2522 2582     2618 2652 2690       2776 2300

2426   2460   2498 2532 2568       2626 2664 2698       2736   2826 2400

2466 2502 2540       2576   2612   2674   2710   2748   2786   2874 2500

2506 2546 2582       2620 2656     2716   2758   2796 2832     2924 2600

2568 2608 2646 2686         2726   2764 2802 2840 2882         2974 2700

2610 2648 2690       2730   2768   2810 2850 2888       2928 3022 2800

2652 2692     2732   2774   2814 2856 2894 2938         2978   3072 2900

2746   2788 2830     2870   2914 2954 2996 3038         3078   3120 3000

2788 2830     2872   2916 2956 2998 3044                              3100

2828   2872   2916 2958 3002 3046 3086                                3200

2870   2916 2958 3004 3046 3090           3134                        3300

2910 2956 3002 3046 3090           3136   3182                        3400

2952 2996 3044 3090         3136   3182 3230                          3500
3100   3200   3300   3400   3500   3600   3700   3800   3900   4000




       Tip:
       De prijzen hebben betrekking op elementen met RS100 solar
       io motoren incl. een Smoove io wandzender en RVS
       schroeven.                                                                Prijslijst elementen             231
