                                                                                                          Rolhekken
2025
                                                                                                          PROTEGO B1, B2, F1
                                                                                                          Kast | Zij-consolen




       PROTEGO B1 (zonder aanrolsysteem)
         Elementhoogte in mm                                                                              Standaard gedeelde geleider 110 x 44 mm
                                                                                                        (Optioneel enkelvoudig geleider 94 x 39 mm)
                         Elementbreedte in mm

                 2000   2200   2400   2600      2800   3000   3200   3400   3600   3800   4000   4200   4400   4600    4800     5000   5200   5400

       2000     3292    3426   3762   3934      4086
                3292    3426   3762   3934      4086   4330

       2200     3426    3760   3920   4272      4414
                3426    3760   3920   4272      4414   4604

       2400      3760   3932   4274   4452      4594
                 3760   3932   4274   4452      4594   4780

       2600     3938    4274   4436   4642      4820
                3938    4274   4436   4642      4820   5168

       2800
                4496    4668   4834   5326      5508   5666
                                                                                                                                met rolhektype G82
       3000
                 4672   4842   5342   5516      5670   5820                                                                     met rolhektype G72




       PROTEGO B2 (met aanrolsysteem)
         Elementhoogte in mm                                                                              Standaard gedeelde geleider 110 x 44 mm

                         Elementbreedte in mm

                 2000   2200   2400   2600      2800   3000   3200   3400   3600   3800   4000 4200 4400 4600 4800 5000                5200   5400
                 3574   3964   4230   4348      4610   4868   5210   5466   5728   5988   6244 6526 6786 7044 7304 7564                7820   8080
       2000      3872   4164   4516   4738      5030   5314   5606   5936   6224   6558   6846
                 3872   4164   4516   4738      5030   5314   5606   5936   6224   6558   6846 7052 7340 7628
                 3940   4216   4360   4644      5004   5292   5574   5846   6236   6434   6712 6996 7272 7554 8136 8416                8698   8872
       2200      4132   4512   4812   5074      5382   5698   6052   6366   6722   6954   7266
                 4132   4512   4812   5074      5382   5698   6052   6366   6722   6954   7266 7686 8000 8312
                 4132   4388   4628   5002      5306   5602   5904   6220   6520   6816   7114 7412 8014 8312 8604 8802                9098   9682
       2400      4442   4766   5054   5386      5726   6058   6432   6724   7060   7450   7782
                 4442   4766   5054   5386      5726   6058   6432   6724   7060   7450   7782 8168 8504 8838
                 4256   4574   4976   5294      5612   6030   6266   6582   6898   7214   7830 8152 8470 8680 9282 9596                9916
       2600      4700   4998   5362   5716      6116   6472   6784   7190   7550   7906   8258
                 4700   4998   5362   5716      6116   6472   6784   7190   7550   7906   8258 8668 9022 9576
                 4486   4910   5254   5594      5854   6296   6642   6984   7324   7966   8308 8542 9166 9508 9850 10192
       2800      4906   5288   5672   6056      6442   6820   7258   7642   8024   8408   8846
                 4906   5288   5672   6056      6442   6820   7258   7642   8024   8408   8846 9422 9810 10194
                 4800   5168   5528   5820      6288   6658   7022   7692   8060   8322   8688 9338 9704 10072 10440
       3000      5166   5578   6028   6402      6866   7278   7692   8100   8566   8872   9438
                 5166   5578   6028   6402      6866   7278   7692   8100   8566   8872   9438 10004 10412 10822

       3200      5420   5904   6350    6744     7240   7680   8118   8614   9100   9542   9982
                 5420   5904   6350    6744     7240   7680   8118   8614   9100   9542   9982 10576 11068 11738

       3400      5724   6182   6602   7064      7572   8032   8544   9050   9510   9968 10576
                 5724   6182   6602   7064      7572   8032   8544   9050   9510   9968 10576 11326 11486

       3600      5982   6466   6904    7444     7926   8408   8992   9474   9958 10732 11156
                 5982   6466   6904    7444     7926   8408   8992   9474   9958 10732 11156 11704

       3800      6240   6750   7266   7778      8292   8894   9406   9912 10714 10984 11550
                 6240   6750   7266   7778      8292   8894   9406   9912 10714 10984 11550

       4000      6498   7030   7572   8054      8738   9270   9804 10606 11020 11392 11946
                 6498   7030   7572   8054      8738   9270   9804 10606 11020 11392

       4200      6714   7326   7880   8540      9100   9658 10510 10986 11188 11798 12340
                 6714   7326   7880   8540      9100   9658 10510 10986

       4400      6974   7558   8138    8718     9306 10188 10472 11056 11910 12340 12918
                                                                                                                                met rolhektype G77
                                                                                                                                met rolhektype G82
       4600      7234   7840   8448   9056      9964 10572 10882 11766 12224 12700
                                                                                                                                met rolhektype G72


             Alle ROMA-rolhekken voldoen aan de roldeurennorm DIN EN 13241-1.


       312                     Prijslijst elementen
