                                                                                                   MODULO
                                                                                                   MODULO.P
                                                                                                   MODULO.S
                                                                                                                         Motor Somfy io
                                                           3000 mm                                                       incl. Smoove io
                                                           1 x windzekering bij
                                                           ZL en DBL aanbevolen


 2400    2500    2600    2700    2800    2900     3000     3100    3200    3300   3400    3500   3600   3700   3800   3900   4000
 1494    1528    1546    1558    1578    1600     1614     1632    1648    1720   1746    1770   1784   1802   1822   1838   1858   800
 1296    1320    1332    1342    1358    1366     1380     1394    1404    1468   1488    1498   1512   1526   1538   1550   1564
 1516    1550    1568    1584    1606    1620     1640     1660    1676    1748   1772    1798   1816   1832   1850   1870   1888   900
 1314    1342    1352    1364    1380    1388     1404     1416    1426    1492   1514    1528   1540   1552   1566   1576   1590


                                                                                                                                           MODULO
 1540    1572    1590    1608    1628    1644     1666     1682    1700    1776   1800    1826   1842   1862   1882   1896   1916   1000
 1340    1362    1374    1386    1402    1414     1426     1440    1452    1518   1540    1554   1568   1578   1594   1606   1620
 1576    1612    1630    1646    1668    1688     1706     1726    1742    1822   1850    1876   1892   1912   1934   1950   1970   1100
 1374    1400    1414    1424    1440    1452     1468     1480    1492    1566   1586    1604   1614   1628   1642   1654   1670
 1602    1634    1650    1672    1694    1708     1734     1752    1768    1852   1878    1906   1924   1942   1964   1980   2002   1200
 1398    1420    1434    1446    1462    1476     1490     1504    1516    1590   1612    1628   1642   1654   1670   1682   1698
 1638    1672    1694    1712    1734    1754     1772     1794    1814    1902   1926    1952   1972   1996   2014   2034   2058   1300
 1432    1456    1474    1484    1498    1514     1532     1546    1556    1634   1662    1676   1690   1702   1718   1734   1748
 1662    1696    1716    1736    1758    1778     1798     1818    1838    1930   1956    1982   2004   2022   2042   2064   2086   1400
 1452    1480    1492    1508    1520    1538     1552     1568    1582    1664   1686    1702   1718   1732   1748   1760   1778
 1682    1718    1738    1758    1780    1800     1822     1842    1864    1956   1982    2010   2032   2054   2074   2094   2116   1500
 1476    1498    1514    1532    1546    1558     1576     1594    1606    1688   1712    1732   1742   1758   1776   1792   1808
 1720    1758    1778    1798    1822    1842     1868     1886    1906    2004   2032    2062   2082   2100   2128   2148   2168   1600
 1510    1538    1552    1568    1584    1602     1618     1632    1646    1736   1760    1776   1794   1810   1822   1840   1856
 1742    1780    1800    1822    1846    1868     1890     1910    1934    2032   2062    2090   2110   2132   2154   2176   2200   1700
 1534    1556    1574    1590    1608    1624     1640     1654    1672    1760   1784    1802   1818   1834   1852   1870   1886
 1782    1820    1840    1864    1888    1908     1934     1952    1976    2082   2108    2138   2160   2186   2208   2228   2252   1800
 1568    1596    1612    1628    1644    1664     1680     1698    1712    1808   1832    1850   1868   1884   1902   1916   1938
 1808    1842    1868    1886    1910    1934     1960     1978    2002    2108   2136    2168   2190   2212   2236   2260   2282   1900
 1586    1618    1632    1648    1668    1686     1702     1720    1738    1832   1858    1878   1892   1910   1930   1946   1964
 1828    1868    1888    1910    1938    1960     1980     2004    2026    2136   2166    2196   2220   2242   2268   2288   2314   2000
 1610    1638    1654    1672    1690    1706     1728     1742    1760    1858   1886    1904   1922   1940   1956   1972   1996
 1868    1904    1926    1950    1976    2000     2024     2046    2072    2186   2214    2246   2270   2290   2318   2342   2366   2100
 1644    1676    1694    1708    1732    1748     1764     1784    1802    1904   1932    1950   1968   1986   2006   2024   2042
 1888    1926    1950    1972    2000    2024     2046     2074    2096    2212   2242    2276   2300   2322   2346   2372   2398   2200
 1668    1696    1716    1734    1754    1770     1792     1810    1826    1932   1960    1978   1998   2014   2034   2054   2072
 1910    1948    1972    2000    2024    2046     2074     2096    2122    2240   2272    2304   2328   2352   2376   2402   2428   2300
 1688    1718    1736    1756    1776    1794     1814     1830    1850    1956   1986    2006   2024   2040   2062   2082   2100
 1948    1990    2014    2038    2064    2090     2116     2140    2164    2286   2320    2352   2376   2402   2430   2454   2480   2400
 1724    1756    1772    1794    1814    1832     1852     1874    1890    2002   2032    2054   2072   2090   2110   2130   2152
 1970    2010    2036    2062    2090    2114     2140     2166    2192    2314   2346    2382   2408   2432   2458   2484   2510   2500
 1746    1776    1796    1816    1834    1856     1876     1894    1914    2028   2060    2078   2098   2116   2138   2158   2178
 2008    2046    2076    2100    2130    2154     2186     2210    2232    2364   2398    2430   2458   2484   2510   2534   2564   2600
 1780    1814    1832    1852    1876    1894     1914     1938    1956    2074   2102    2128   2148   2166   2188   2208   2228
 2100    2146    2174    2204    2232    2262     2296     2322    2352    2488   2524    2560   2588   2618   2648   2678   2708   2700
 1802    1834    1856    1876    1896    1916     1942     1962    1980    2100   2132    2152   2174   2194   2216   2236   2260
 2126    2166    2196    2226    2258    2286     2320     2346    2376    2516   2552    2588   2618   2648   2678   2708   2740   2800
 1822    1856    1876    1896    1922    1942     1964     1982    2004    2128   2156    2178   2204   2222   2244   2266   2286
 2160    2208    2236    2268    2300    2330     2362     2394    2422    2562   2602    2638   2668   2698   2732   2816   2850   2900
 1862    1892    1912    1938    1960    1980     2004     2024    2044    2170   2206    2226   2246   2270   2290   2366   2392
 2186    2228    2260    2288    2322    2352     2384     2418    2450    2590   2626    2666   2698   2730   2816   2848   2880   3000
 1882    1912    1938    1960    1980    2004     2026     2046    2070    2200   2228    2254   2276   2298   2374   2396   2420
 2222    2268    2300    2330    2364    2396     2428     2460    2490    2638   2678    2716   2804   2832   2868   2898   2930   3100
 1914    1950    1972    1998    2018    2040     2066     2090    2110    2244   2278    2300   2374   2398   2422   2444   2470
 2244    2288    2322    2354    2390    2420     2454     2486    2516    2666   2704    2802   2830   2864   2898   2928   2962   3200
 1940    1972    1998    2018    2040    2066     2090     2110    2134    2270   2302    2378   2402   2424   2452   2472   2496
 2268    2314    2344    2376    2412    2440     2476     2510    2542    2750   2792    2828   2862   2892   2926   2958   2994   3300
 1960    1996    2016    2040    2064    2090     2114     2136    2158    2348   2382    2408   2430   2454   2476   2502   2526
 2304    2352    2384    2418    2454    2486     2522     2552    2640    2798   2836    2880   2912   2944   2980   3012   3048   3400
 1998    2032    2056    2078    2102    2128     2152     2176    2254    2396   2428    2456   2476   2502   2528   2550   2574
 2328    2374    2408    2438    2474    2510     2546     2634    2666    2826   2866    2904   2942   2974   3010   3042   3076   3500
 2016    2054    2076    2100    2128    2150     2176     2254    2278    2422   2456    2480   2504   2530   2554   2582   2606
 2364    2414    2450    2480    2518    2550     2642     2676    2710    2872   2918    2956   2992   3022   3060   3094   3130   3600
 2054    2090    2114    2138    2164    2190     2270     2296    2320    2468   2502    2528   2552   2578   2606   2628   2656
 2390    2436    2470    2504    2542    2628     2668     2700    2736    2900   2944    2986   3018   3054   3088   3126   3160   3700
 2074    2108    2136    2160    2188    2266     2290     2318    2342    2492   2528    2554   2582   2606   2634   2658   2684
 2410    2460    2494    2528    2620    2656     2694     2728    2760    2930   2972    3014   3050   3084   3122   3154   3192   3800
 2094    2132    2156    2180    2262    2288     2314     2342    2366    2522   2554    2584   2608   2634   2660   2684   2714
 2450    2496    2532    2624    2664    2698     2734     2768    2804    2980   3020    3066   3098   3134   3170   3206   3416   3900
 2132    2168    2194    2276    2302    2328     2354     2382    2408    2564   2602    2626   2656   2680   2708   2736   2928
 2470    2522    2614    2648    2684    2720     2758     2794    2830    3006   3050    3092   3128   3164   3202   3410   3448   4000
 2152    2190    2270    2298    2324    2348     2378     2404    2432    2590   2626    2656   2682   2708   2738   2928   2956
 2492    2546    2636    2672    2710    2746     2786     2818    2858    3034   3076    3124   3156   3192   3406   3442   3480   4100
 2174    2212    2290    2318    2346    2374     2402     2430    2456    2618   2656    2682   2710   2736   2930   2956   2986
 2530    2638    2676    2710    2750    2790     2826     2864    2898    3080   3128    3168   3206   3416   3460   3492   3534   4200
 2210    2302    2330    2358    2384    2412     2440     2470    2496    2664   2700    2732   2758   2948   2980   3006   3036
 2610    2660    2698    2736    2772    2810     2852     2888    2924    3110   3154    3374   3410   3448   3488   3524   3562   4300
 2282    2322    2348    2376    2408    2434     2466     2492    2522    2688   2730    2922   2948   2978   3006   3034   3066
 2648    2700    2738    2774    2816    2854     2892     2930    2966    3160   3378    3422   3462   3498   3538   3576   3616   4400
 2320    2360    2390    2418    2450    2474     2504     2534    2562    2736   2940    2966   2996   3026   3056   3084   3114
 2672    2724    2760    2798    2836    2878     2920     2956    2994    3358   3406    3452   3490   3528   3566   3604   3648   4500
 2340    2378    2410    2436    2470    2496     2528     2558    2586    2926   2962    2996   3022   3054   3084   3112   3144
 2400    2500    2600    2700    2800    2900     3000     3100    3200    3300   3400    3500   3600   3700   3800   3900   4000



Bijzonderheden voor de berekening
MODULO.P staaldraadgeleiding                               gelijke prijs
MODULO.P stucvariant, gezette koof                         gelijke prijs
Stucvoorbereiding 8/15 mm, stucvariant 25/30 mm en Fries
(meerprijs in de prijslijst opgenomen)                                                   Prijslijst elementen                        175
