2025

                                                             .P Solar
       Solar niet mogelijk zonder zender

       Witte achtergrond: Standaard max. EH Grijze achtergrond: Grotere hoogten leiden tot minder bewegingscycli of verminderde werking bij weinig licht.




                    800     900      1000    1100     1200     1300    1400     1500      1600     1700     1800     1900     2000      2100     2200       2300
            800    994      998      1007    1022     1042     1065    1080     1098      1115     1150     1160     1193     1204      1220     1245       1262

            900    998     1004      1013    1028     1056     1073    1088      1110     1129     1162      1174    1203      1214     1230     1257       1274

        1000      1006     1012     1029     1066     1078     1099     1128     1154     1167     1192     1210     1227      1256     1274     1295       1314

        1100      1034     1042      1061    1076     1096     1117     1148     1174     1191     1212     1240     1265     1288      1306     1329       1350

        1200      1054     1060      1081    1106     1130     1159    1182     1204      1225     1246     1270     1297      1316     1340     1367       1386

        1300      1080     1086      1105    1138     1160     1183    1204      1226     1247     1274     1302     1321     1352      1376     1399       1422

        1400      1094     1106      1125    1160     1182     1205    1236      1258     1281     1306     1332     1371     1396      1416     1445       1470

        1500       1120    1132      1155    1180     1204     1229    1260      1282     1305     1332     1366     1395      1416     1440     1469       1496

        1600       1130    1146      1165    1196     1222     1253    1286     1306      1327     1364     1380      1415    1446      1472     1501       1528

        1700       1146    1156      1183    1222     1246     1273     1314    1338      1363     1382     1408     1445     1482      1510     1539       1566

        1800       1162     1174     1211    1236     1270     1299    1334     1360      1379     1412     1442     1483      1516     1542     1571       1600

        1900       1176    1186      1215    1260     1292     1321    1354      1378     1401     1438     1472     1503     1534      1558     1591       1618

        2000       1182    1200      1237    1270     1302     1339    1368     1394      1425     1458     1490     1521     1554      1582     1611       1642

        2100      1204     1216      1257    1284     1316     1349    1378      1410     1441     1470     1500     1533     1566      1596     1625       1656

        2200       1214    1224      1265    1294     1330     1359    1390      1426     1457     1486     1516     1547      1578     1612     1645       1676

        2300      1234     1250      1283    1320     1350     1381     1414    1446      1479     1510     1542     1573     1606      1644     1675       1706

        2400      1254     1268      1307    1342     1372     1405    1440      1470     1503     1538     1568     1607     1642      1672     1705       1740

        2500      1272     1290      1329    1362     1396     1429    1462     1498      1531     1566     1598     1639      1670     1704     1739       1776

        2600      1294     1308     1345     1382     1418     1451    1486      1522     1557     1592     1630     1665      1700     1736     1773       1806

        2700       1312    1328     1365     1406     1440     1475     1512    1546      1581     1618     1658     1695      1732     1768     1803       1840

        2800      1332     1350      1387    1426     1462     1499    1536      1572     1609     1652     1688     1725      1764     1800     1837       1874

        2900      1348     1368      1407    1444     1482     1521    1560     1596      1643     1680     1718     1755      1794     1830     1871       1906

        3000      1370     1390      1429    1470     1508     1545    1586     1630      1669     1710     1746     1785     1826      1864     1903       1942

                    800     900      1000    1100     1200     1300    1400     1500      1600     1700     1800     1900     2000      2100     2200       2300




                                                                       Eenheid      €
                  Adapter t.b.v. Somfy Solar                           St.     180,00
                  inc. verloopkabel voor RS100 Solar io
                  Artikelnummer: 3024760
                  Verlengkabelset voor externe module aansluiting      St.        64,00
                  (5 m, UV-bestendig 4515330)
                  Vervangingsaccu Somfy RS100 Solar io                 St.      220,00
                  3 Nm, 6 Nm & 10 Nm
                  Vervangingsaccu Somfy RS100 Solar io                 St.      440,00
                  15 Nm & 20 Nm




       84                          Prijslijst elementen
