2025




        Elementhoogte in mm
                 Elementbreedte in mm



               1000      1100     1200   1300   1400   1500   1600   1700   1800   1900   2000   2100   2200   2300   2400   2500
        1000    790       808      822   836    856     874   886    902     916    932    952   966    982    996    1012   1030

        1100    804       818      834   854     870   886    902     918   936    954     970   986    1004   1018   1036   1054

        1200    816       832      852   866    886    902     918   938    958     972   990    1008   1024   1046   1060   1078

        1300    828       842      864   884    900     918   938    958     974   990    1010   1030   1048   1064   1084   1100

        1400    838       860      880   898     916   936     958    974   992    1012   1032   1052   1070   1090   1108   1124

        1500    854       874      894    910   930    954     972   990    1010   1032   1052   1070   1092   1112   1128   1152

        1600    864       886      904    926   950    968    988    1010   1030   1052   1072   1092   1114   1134   1156   1174

        1700    878       898      918   940    964    984    1006   1026   1050   1070   1092   1114   1134   1158   1178   1200

        1800    888       910      932   958    980    998    1020   1048   1068   1090   1114   1134   1158   1178   1202   1222

        1900    900       922      950    970   992    1016   1038   1062   1086   1108   1130   1158   1178   1202   1224   1248

        2000    914       938      964   986    1010   1034   1058   1080   1102   1126   1152   1174   1200   1222   1248   1272

        2100    926       952      974   998    1024   1050   1074   1098   1122   1148   1172   1196   1222   1248   1272   1296

        2200    938      964       988   1014   1038   1064   1092   1116   1142   1168   1192   1216   1246   1270   1294   1320

        2300    952       976    1004    1030   1056   1082   1108   1134   1162   1188   1212   1240   1268   1292   1318   1346

        2400    964      988      1016   1046   1070   1098   1124   1152   1180   1206   1234   1262   1288   1314   1344   1368

        2500     974    1004      1030   1058   1086   1116   1142   1170   1200   1224   1254   1282   1310   1340   1366   1392

        2600    986      1014     1046   1072   1100   1128   1160   1188   1214   1246   1274   1300   1332   1360   1388   1416

        2700    996     1030      1058   1086   1118   1146   1174   1206   1236   1266   1294   1322   1356   1384   1410   1444

        2800   1012     1042      1072   1102   1130   1164   1194   1222   1254   1284   1314   1346   1376   1404   1436   1468

        2900   1024     1056     1086    1118   1148   1180   1210   1244   1274   1304   1336   1366   1398   1430   1460   1490

        3000   1036     1068     1098    1130   1164   1196   1226   1258   1292   1322   1356   1388   1420   1450   1482   1514
               1000      1100     1200   1300   1400   1500   1600   1700   1800   1900   2000   2100   2200   2300   2400   2500




       248                      Prijslijst elementen
