                                                                                    Voorzetscreens/Inbouwscreens
2025
                                                                                    zipSCREEN.2
                                                                                    geëxtrudeerd


        Blauw: Elementprijs met dubbele onderlijst (niet mogelijk bij 90° hoekscreen)




        verdere
       breedtes     5100 5200 5300 5400 5500 5600 5700 5800 5900 6000
              1000 2376 2406 2432 2460 2486 2514 2540 2568 2594 2620

              1100 2436 2464 2492 2522 2548 2578 2604 2634 2662 2686

              1200 2494 2526 2552 2582 2610 2642 2668 2698 2726 2756                    Motor met hindernisherkenning
                                                                                             Optie 1: bedraad                 -130,00/St.
              1300 2552 2584 2614 2644 2672 2704 2732 2762 2792 2822
                                                                                             Somfy Maestria WT
              1400 2614 2646 2674 2706 2736 2768 2796 2828 2858 2890
                                                                                             Elero SunTop/Z, 23 omw/min       -130,00/St.
              1500 2672 2704 2734 2768 2796 2830 2860 2894 2924 2954
                                                                                             Becker S18 SMI, 17 omw/min       234,00/St.
              1600 2732 2762 2794 2828 2860 2894 2924 2958 2988 3022

              1700 2790 2824 2856 2890 2920 2958 2988 3022 3054 3088                         Optie 2: draadloos             0,00/St.
                                                                                                                            Meerprijs
                                                                                             Somfy Maestria+ io, 17 omw/min op basis
              1800 2848 2882 2916 2952 2984 3020 3052 3088 3120 3156                         of Elero SunTop/Z 868,         prijslijst

              1900 2908 2944 2978 3014 3048 3084 3118 3152 3188 3222                         23 omw/min, incl. 1 wandzender
                                                                                             Snelloop-motor Somfy             16,00/St.
              2000 2966 3002 3038 3074 3108 3146 3180 3216 3252 3288                                                          Meerprijs
                                                                                             Maestria+ io, 32 omw/min,        op basis
              2100 3024 3064 3100 3136 3172 3210 3246 3282 3320 3354                         incl. 1 wandzender               prijslijst

              2200 3084 3120 3158 3196 3232 3274 3312 3348 3386 3422                         Geiger draadloze motor           124,00/St.
                                                                                                                              Meerprijs
              2300 3142 3180 3218 3260 3296 3336 3374 3410 3452 3488                         SOLIDline Zip AIR, zonder        op basis
                                                                                             zender, LOXONE                   prijslijst
              2400 3200 3240 3280 3320 3358 3398 3438 3476 3516 3558                         Smart Home System
              2500 3262 3300 3340 3382 3420 3460 3504 3542 3582 3622

              2600 3320 3358 3402 3442 3482 3524 3566 3608 3648 3690

              2700 3380 3420 3462 3506 3544 3586 3630 3670 3714 3756

              2800 3438 3478 3522 3566 3608 3650 3696 3736 3778 3824

              2900 3496 3540 3582 3628 3670 3714 3758 3804 3844 3890

              3000 3556 3598 3644 3688 3732 3776 3822 3866 3910 3956

              3100 3612 3660 3704 3750 3794 3840 3886 3932

              3200 3670 3718 3766 3812 3856 3902

              3300 3728 3778 3826 3874
              3400 3788 3838
              3500 3848
                    5100 5200 5300 5400 5500 5600 5700 5800 5900 6000




                                                                   Maximale elementmaten
                                                                   voor een snelloop-motor
                                                                   met 32 omw/min bij een
                                                                   85er as.
                  Verdere hoogtes


                   1000 1100 1200 1300 1400 1500 1600 1700 1800 1900 2000 2100 2200 2300 2400 2500 2600 2700 2800 2900 3000 3100 3200 3300
              5300 2120 2188 2190 2252 2316 2380 2446 2510 2574 2636 2776 2842 2906 2968 3032 3094 3158 3224 3286 3350 3412 3476 3540 3602

              5400 2142 2214 2214 2280 2344 2408 2472 2538 2600 2666 2808 2872 2938 3002 3068 3130 3196 3260 3324 3390 3454 3520 3582 3648

              5500 2110 2182 2253 2250 2316 2434 2498 2564 2632 2698 2762 2828 2894 2960 3024 3088 3154 3218 3284 3350 3494 3560 3626

              5600 2134 2206 2277 2278 2344 2462 2528 2596 2662 2726 2792 2860 2926 2990 3060 3126 3192 3258 3324 3390 3532 3600 3666

              5700 2158 2228 2301 2302 2368 2490 2556 2622 2692 2758 2826 2894 2960 3026 3094 3160 3228 3294 3362 3432 3576 3640
              5800 2178 2252 2327 2328 2394 2516 2584 2652 2720 2788 2856 2924 2990 3060 3128 3196 3264 3334 3402 3470 3616 3684
              5900 2202 2276 2351 2425 2422 2544 2612 2682 2750 2820 2890 2958 3026 3094 3162 3232 3300 3372 3440 3508 3654

              6000 2226 2298 2373 2449 2450 2572 2642 2710 2780 2848 2918 2988 3060 3130 3198 3346 3416 3486 3558 3628 3696




        228                     Prijslijst elementen
