                                                                                                  Voorzetrolluiken
                                                                                                 .P geëxtrudeerd
                                                                                                  RONDO | PENTO | QUADRO | INTEGO
                                                                                                  Rolluiken met solaraandrijving (Somfy)
                 2500 mm

                                                                                                                                                 P
                 max. elementbreedte
                 bij smalle geleiders met
                                                                                                                                            geëxtrudeerd
                 ALUMINO-lamel


ALUMINO 34                               ALUMINO 37                              ALUMINO 44                           ALUMINO 52


2400    2500     2600    2700    2800     2900    3000     3100    3200   3300    3400    3500   3600   3700   3800    3900   4000

 1278   1297     1318    1342     1355    1374    1392     1415    1432   1454    1471    1492   1508   1529   1549    1568   1585   800

 1294   1313     1334    1356     1373    1392     1410    1433    1454   1474    1493    1510   1526   1549   1569    1588   1607   900

 1334   1359     1376    1394     1415    1436    1458     1481    1498   1518    1535    1562   1580   1599   1617    1638   1661   1000

 1374   1395     1414    1434     1461    1480    1502     1523    1542   1566    1585    1606   1624   1647   1669    1690   1711   1100

 1406   1429     1450    1472     1497    1516    1542     1565    1588   1610    1629    1652   1674   1695   1719    1738   1757   1200

 1446   1471     1496    1514     1541    1562    1588     1613    1638   1658    1683    1706   1728   1749   1769    1796   1817   1300

 1494   1521     1542    1570     1593    1620    1642     1663    1692   1716    1741    1760   1792   1817   1835    1864   1893   1400

 1516   1545     1570    1594     1619    1646    1668     1699    1726   1748    1771    1804   1826   1847   1875    1904   1929   1500

 1550   1581     1604    1630     1655    1686     1710    1737    1764   1794    1817    1844   1870   1895   1921    1948   1975   1600

 1594   1621     1648    1672     1705    1732     1756    1791    1812   1840    1867    1898   1922   1949   1973    2000   2033   1700

 1628   1655     1688    1710     1741    1770    1800     1829    1856   1882    1911    1942   1966   1993   2023    2050   2075   1800

 1648   1679     1708    1736     1759    1796    1824     1851    1882   1916    1947    1970   2000   2033   2063    2094   2125   1900

 1676   1703     1732    1758     1791    1824    1854     1883    1912   1940    1971    2006   2032   2063   2095    2126   2153   2000

 1688   1721     1750    1780     1811    1842    1872     1903    1934   1968    1997    2028   2058   2087   2121    2150   2183   2100

 1706   1739     1772    1800     1829    1866    1896     1927    1958   1992    2021    2052   2088   2115   2147    2176   2211   2200

 1740   1773     1804    1836     1867    1898    1930     1961    1996   2026    2059    2098   2126   2157   2189    2220   2251   2300

 1774   1807     1840    1874    1903     1938    1970     2003    2040   2074    2109    2142   2174   2211   2241    2276   2315   2400

 1808   1843     1878    1912     1941    1982    2010     2047    2088   2118    2153    2190   2226   2269                         2500

 1842   1879     1914    1946    1985     2014    2050     2097    2126   2162    2201    2232   2266                                2600

 1876   1913     1948    1988    2023     2060    2100     2135    2170   2210    2243    2278                                       2700

 1912   1949     1988    2024    2059     2102    2138     2175    2214   2248    2287    2326                                       2800

 1946   1987     2022    2060     2103    2144     2176    2217    2256   2294                                                       2900

 1982   2019     2058    2102     2141    2176    2218     2259    2298                                                              3000

2400    2500     2600    2700    2800     2900    3000     3100    3200   3300    3400    3500   3600   3700   3800    3900   4000




        Tip:
        De prijzen hebben betrekking op elementen met RS100 solar io
        incl. RS100 io Smoove en ALUMINO lamellen. De prijs is incl.
        design-onderlijst, RVS schroeven, aandrukveren en achterplaat.
                                                                                         Prijslijst elementen                          85
