2025
                                 Comfort & Design lamellen


                                          CDL 70




       Zwart: Elementprijs met CDL 70                                                Opmerking:
                                                                                     De prijzen hebben betrekking op elementen met io-motor en smoove io
                                                                                     wandzender.
        Elementhoogte in mm           Maten voor insectenrolhor
                    Elementbreedte in mm


                  800      900     1000     1100     1200       1300      1400     1500    1600     1700     1800    1900        2000   2100    2200       2300
        800     1118     1150     1178     1206      1228       1258      1364     1394   1416     1438     1468     1492        1516   1546    1660   1692

        900     1144     1164     1186      1216     1250       1274      1384     1416   1442     1468     1492     1522        1544   1574    1692   1712

       1000     1172     1186     1216      1250     1276       1308      1430     1446   1480     1506     1532     1558        1582   1612    1734   1758

       1100     1182     1210     1236      1274     1302       1330      1446     1480   1506     1526     1558     1588        1612   1642    1758   1786

       1200     1210     1246     1266      1302     1336       1364      1480     1510   1538     1568     1596     1622        1650   1678    1800   1832

       1300     1230     1258      1286     1330     1356       1384      1502     1526   1558     1596     1616     1644        1670   1708    1832   1858

       1400     1246     1274      1310     1340     1376       1412      1522     1558   1588     1616     1644     1670        1708   1742    1870   1892

       1500     1268     1304      1338     1376     1412       1438      1558     1596   1620     1648     1688     1716        1746   1778    1906   1936

       1600     1288     1324      1358     1394     1422       1448      1588     1616   1644     1678     1708     1742        1772   1800    1930   1966

       1700     1316     1350      1386     1422     1448       1486      1616     1644   1678     1716     1744     1778        1808   1844    1978   2008

       1800     1338      1378     1408     1444     1474       1510      1640     1670   1708     1742     1772     1808        1842   1874    2008   2040

       1900     1354      1392     1418     1470     1494       1532      1660     1700   1730     1768     1800     1832        1868   1902    2040   2066

       2000     1378      1414     1452     1488     1524       1560      1700     1730   1768     1800     1842     1874        1912   1942    2084   2112

       2100     1402      1436     1472     1512     1546       1582      1716     1756   1786     1824     1868     1902        1936   1974    2112   2148

       2200     1420      1456     1494     1536     1574       1618      1752     1786   1824     1858     1892     1942        1978   2012    2156   2190

       2300      1442     1480     1518     1566     1600       1636      1772     1808   1852     1886     1930     1966        2002   2038    2178   2216

       2400      1456     1502     1538     1584     1618       1654      1794     1836   1870     1920     1956     1996        2030   2066    2216   2256

       2500      1486     1522     1566     1614     1646       1686      1836     1870   1908     1950     1996     2030        2066   2104    2264   2300

       2600      1506     1538     1578     1626     1670       1708      1854     1886   1936     1980     2014     2058        2090   2144    2292   2332

       2700      1522     1560     1604     1648     1694       1728      1876     1920   1958     1998     2038     2086        2128   2172    2318   2360

       2800      1546     1592     1628     1678     1722       1754      1910     1952   1996     2038     2078     2120        2164   2206    2360   2398

       2900      1570     1604     1650     1704     1744       1778      1934     1976   2016     2060     2106     2152        2192   2234    2388       2430

       3000      1592     1642     1682     1730     1772       1812      1972     2016   2060     2104     2152     2192        2234   2278    2440       2480

       3100      1610     1654     1702     1752     1792       1844      1990     2036   2076     2122     2172     2212        2258   2302    2458       2498

       3200      1626     1672     1720     1768     1808       1858      2012     2060   2104     2154     2194     2234        2286   2332    2490       2534

       3300     1648     1702     1742     1794      1842       1892      2044     2088   2138     2194     2234     2286        2326   2374    2534   2578

       3400     1670     1722     1764      1810     1870       1908      2066     2118   2172     2214     2262     2302        2354   2398    2566   2608

       3500     1704     1744     1790      1846     1896       1942      2100     2148   2198     2248     2300     2346        2390   2440    2608   2734

       3600     1716     1764     1812      1860     1920       1958      2126     2178   2220     2276     2320     2368        2420   2464    2640   2758

       3700     1734     1778     1832      1884     1940       1988      2152     2206   2244     2296     2350     2398        2450   2496    2744   2786

       3800     1758     1808      1858     1910     1972       2016      2186     2234   2284     2328     2386     2432        2492   2536    2786   2834

       3900     1776     1826      1874     1936     1984       2038      2206     2264   2310     2360     2416     2464        2512   2636    2806   2856

       4000     1804     1854      1908     1966     2012       2066      2240     2298   2344     2396     2450     2498        2560   2678    2856   2912

       4100     1832     1882      1946     1998     2040       2100      2278     2336   2380     2440     2482     2534        2612   2724    2908   2964

       4200     1858     1910      1980     2030     2066       2128      2314     2374   2412     2476     2518     2566        2660   2762    2958   3018

       4300     1886      1940     2016     2060     2096       2162      2350     2408   2448     2518     2550     2602        2716   2806    3008   3072

       4400     1920      1966     2056     2090     2122       2192      2388     2448   2480     2556     2582     2634        2762   2848    3064   3122

       4500     1946      1996     2090     2120     2154       2220      2424     2482   2516     2594     2622     2666        2814   2892    3112   3180
                  800      800     1000     1100     1200       1300      1400     1500    1600     1700     1800    1900        2000   2100    2200       2300

              Meer- en minderprijzen voor extra’s                                   Meer- en minderprijzen voor extra’s
              Somfy funky J4 io incl. wandzender.                        0,00/E     Elero JA (mechanische motor) bedraad incl.           -168,00/E
              Somfy RTS of Elero 868 met Elero JA                        0,00/E     schakelaar. Minderprijs
              (Mechanische motor) incl. wandzender.                                 Aandrijfcombi van 2 elementen met 1 motor J4 io     -298,20/St.
              Somfy funky J4 io excl. wandzender. Minderprijs          -35,20/E     inclusief wandzender
                                                                                    Kastkoppeling van 2 elementen (per koppeling).        18,20/St.
              Somfy J4 WT (elektronische motor) bedraad incl.          -150,40/E
                                                                                    Meerprijs
       186    schakelaar. Minderprijs
