2025                                                                                                       zipSCREEN.2
                                                                                                           Solar io
       Solar niet mogelijk zonder 1-kanaals hand- of wandzender                                            Alleen met onder-revisie
         Elementhoogte in mm
                   Elementbreedte in mm



               1000 1100 1200 1300 1400 1500 1600 1700 1800 1900 2000 2100 2200 2300 2400 2500 2600 2700 2800 2900 3000
       1000 1336 1358 1382 1406 1430 1472 1498 1520 1542 1568 1590 1616 1638 1660 1686 1708 1730 1756 1778 1802 1826

       1100 1358 1382 1408 1432 1454 1502 1524 1550                      1574 1598 1624 1646 1670 1696       1718   1744 1768 1792 1818 1840 1866

       1200 1382 1406 1432 1458 1482 1528 1554 1580 1604 1628 1654 1680 1706 1728 1756 1780 1808 1830 1854 1882 1904

       1300 1402 1430 1458 1482                1510 1556 1582 1606 1634 1660 1688           1712   1740 1764 1788 1816 1840 1868 1892 1920 1946

       1400 1426 1452 1480 1506 1534 1584 1608 1636 1662 1692                        1716   1744 1770 1796 1826 1850 1880 1904 1934 1958 1988

       1500 1450 1476 1504 1532 1560 1608 1638 1664 1694 1722                        1748 1776 1804 1832 1858 1888 1916 1944 1970 1998 2026

       1600 1470 1500 1530 1558 1586 1638 1664 1694 1722 1752 1780 1810 1836 1868 1896 1924 1952 1980 2010 2038 2066

       1700 1496 1524 1554 1584 1616 1662 1694 1722 1752 1782 1812 1840 1872 1900 1932 1958 1990 2020 2048 2078 2104

       1800    1518 1548 1580 1608 1640 1692 1722 1752 1782                   1814 1844     1874 1904 1936 1966 1996 2026 2058 2086     2118 2148

       1900 1538 1572 1602 1634 1664                   1716 1750 1780 1812 1844      1874 1906 1938 1968 2002 2030 2062 2094 2126 2156 2188

       2000 1564 1594 1626 1658 1692                   1746 1778 1810 1840    1874 1906 1938 1970 2004 2034 2066 2098 2132 2162 2196 2226

       2100 1586 1620 1652 1686                1716 1770 1808 1838 1872 1904 1938 1970 2004 2034 2072 2102 2136 2170 2202 2236 2268

       2200 1606 1642          1674    1710    1744 1800 1832 1868 1900 1936 1968 2004 2034 2072 2102 2138 2172 2206 2240 2274 2308

       2300 1630 1664 1700 1734 1770 1828 1858 1896 1932 1966 2002 2034 2072 2104 2138                              2174 2208 2244 2278 2314 2348

       2400 1654 1690 1724 1760 1796 1852 1888 1926 1960 1996 2030 2068 2102 2138                            2174 2212 2248 2282 2318 2356 2390

       2500    1674    1712 1750 1784 1822 1882 1916 1954 1992 2026 2064 2098 2136                      2174 2208 2248 2284 2320 2358 2392 2430

       2600 1698 1734          1774 1812 1848 1906 1944 1980 2020 2058 2094 2132 2170 2206 2244 2282 2320 2358 2394 2432 2468

       2700 1726 1766 1808 1844 1884 1944 1980 2022 2062 2100 2138 2180 2216 2256 2296 2332 2374                              2412 2450 2490 2530

       2800 1750 1788 1830 1870 1908 1970 2010 2054 2090 2132 2172 2212 2252 2290 2330 2372                              2410 2450 2490 2530 2570

       2900    1774    1814 1854 1896 1936 1998 2038 2080 2120 2162 2202 2242 2284 2324 2366 2406 2448 2488 2528 2570 2610

       3000 1818 1856 1900 1942 1986 2026 2066                    2110 2150 2192 2286 2328 2372         2412 2454 2496 2536 2578 2622 2660 2704

       3100 1838 1882 1926 1968 2010 2054 2094 2136 2182 2222 2320 2362 2402 2446 2488 2532 2574 2618 2658 2700 2744

       3200 1864 1904 1950 1994 2034 2080 2124 2166 2208 2254 2348 2394 2436 2482 2522 2568 2610 2654 2696 2742 2786

       3300 1886 1932 1972 2016 2062 2104 2150 2196 2240 2284 2382 2428 2468 2514 2558 2604 2646 2692 2736 2780 2826

       3400 1906 1952 1998 2042 2086 2134 2180 2222 2270 2314                        2412 2458 2504 2550 2592 2640 2686 2730 2774 2820 2866

       3500 1932 1976 2022 2068                2116 2160 2206 2254 2300 2344 2444 2490 2536 2584 2628 2676 2718 2766 2814 2862 2904
               1000 1100 1200 1300 1400 1500 1600 1700 1800 1900 2000 2100 2200 2300 2400 2500 2600 2700 2800 2900 3000




                                                                 Eenheid      €
                 Adapter t.b.v. Somfy Solar                      St.     210,00
                 incl. verloopkabel voor RS100 Solar io
                 Artikelnummer: 3024760
                 Verlengkabelset voor externe module aansluiting St.      26,40
                 (2,5 m, UV-bestendig 4503470)
                 Vervangingsaccu Somfy RS100 Solar io 10 Nm St.          220,00
                 Vervangingsaccu Somfy RS100 Solar io              St.      440,00
                 15 Nm & 20 Nm




       230                        Prijslijst elementen
