2025


       Blauw: Elementprijs met dubbele onderlijst (niet mogelijk bij 90° hoekscreen)

             Elementhoogte in mm
                        Elementbreedte in mm



                  1000     1100     1200       1300   1400   1500   1600   1700   1800   1900   2000   2100   2200   2300   2400   2500   2600   2700
        1000 1322          1350    1378    1404       1430   1456   1482   1510   1538   1564   1590   1618   1644   1670   1696   1752   1778   1804
        1100 1344          1370    1400    1426       1454   1480   1510   1536   1564   1592   1620   1648   1674   1702   1730   1784   1812   1840
        1200 1364          1392    1422    1450       1478   1508   1536   1562   1590   1620   1648   1676   1706   1734   1762   1820   1848   1876
        1300 1384          1412    1444        1472   1500   1532   1560   1590   1620   1648   1678   1708   1736   1766   1796   1852   1884   1912
        1400 1404          1434    1466    1494       1524   1556   1586   1618   1646   1676   1708   1738   1768   1798   1828   1888   1916   1948
        1500     1424      1454    1488        1518   1548   1580   1610   1644   1674   1706   1736   1768   1800   1830   1862   1920   1952   1982
        1600 1444          1476    1510    1540       1574   1604   1636   1670   1700   1734   1766   1798   1830   1862   1894   1954   1986   2020
        1700     1472      1504    1538    1570       1604   1636   1670   1702   1736   1768   1802   1834   1868   1900   1934   1996   2028   2062
        1800 1492          1524    1560    1592       1628   1662   1696   1730   1764   1798   1832   1866   1900   1934   1966   2028   2064   2096
        1900     1512      1546    1582        1618   1652   1686   1720   1756   1790   1826   1862   1896   1932   1966   2000   2064   2098   2134
        2000 1532          1568    1604    1640       1674   1712   1746   1782   1820   1854   1918   1954   1988   2026   2062   2096   2134   2170
        2100 1552          1588    1626    1664       1698   1736   1774   1808   1846   1884   1948   1984   2020   2058   2094   2132   2168   2204
        2200     1570      1610    1648    1686       1722   1760   1798   1834   1874   1912   1976   2014   2052   2090   2128   2164   2202   2240
        2300 1592         1630     1670    1708       1746   1784   1824   1862   1900   1940   2006   2044   2084   2120   2160   2198   2238   2274
        2400     1612      1652    1692    1732       1772   1810   1850   1888   1928   1966   2036   2074   2114   2154   2194   2234   2272   2312
        2500 1640         1680     1720    1760       1802   1842   1884   1922   1962   2004   2072   2112   2152   2194   2234   2274   2314   2354
        2600     1676      1716    1758    1800       1842   1884   1922   1964   2006   2048   2116   2158   2200   2240   2282   2324   2366   2406
        2700 1696          1738    1780    1822       1866   1908   1950   1992   2032   2076   2146   2190   2230   2272   2314   2356   2400   2442
        2800     1716      1758    1802    1846       1888   1932   1976   2018   2062   2104   2176   2218   2262   2306   2348   2392   2434   2478
        2900     1736      1780    1824    1868       1912   1956   2000   2044   2088   2132   2204   2248   2292   2336   2380   2424   2468   2512
        3000     1756     1802     1846    1890       1936   1980   2026   2070   2116   2160   2234   2280   2324   2370   2414   2460   2504   2548
        3100     1776      1822    1868        1914   1960   2006   2050   2096   2142   2190   2264   2308   2354   2400   2446   2492   2538   2586
        3200     1796     1844     1890    1936       1984   2030   2076   2124   2172   2218   2292   2338   2384   2434   2480   2526   2574   2620
        3300     1824      1872    1918    1966       2016   2062   2110   2158   2206   2252   2330   2376   2424   2472   2520   2568   2616   2664
        3400 1844          1892    1940    1988       2040   2088   2136   2184   2234   2282   2358   2406   2456   2504   2552   2600   2652   2700
        3500 1864          1914    1962    2014       2062   2112   2160   2212   2260   2310   2388   2438   2486   2536   2586   2636   2684   2734
        3600 1884         1934     1984    2036       2086   2136   2186   2238   2288   2338   2416   2466   2516   2568   2618   2668   2720   2770
        3700 1904          1956    2006    2060       2110   2160   2214   2264   2314   2368   2446   2498   2550   2600   2652   2704   2754   2806
        3800 1926          1976    2028    2082       2134   2186   2238   2290   2344   2396   2476   2528   2580   2632   2684   2736   2790   2842
        3900 1944         1998     2050    2104       2158   2212   2264   2316   2370   2424   2504   2558   2612   2664   2718   2770   2824   2878
        4000 1964          2018    2072    2128       2180   2264   2316   2372   2424   2480   2534   2588   2642   2698   2750   2806   2858   2912
        4100 1992         2046     2102    2156       2214   2294   2350   2404   2460   2514   2570   2624   2680   2736   2792   2846   2902   2956
        4200     2010     2068     2124    2180       2236   2318   2376   2432   2488   2544   2600   2656   2712   2768   2824   2880   2934   2992
        4300 2032         2088     2146    2202       2260   2346   2400   2458   2514   2572   2630   2686   2744   2800   2856   2912   2970   3028
        4400 2052          2110    2168    2226       2284   2370   2426   2484   2544   2600   2658   2718   2774   2832   2888   2948   3006   3062
        4500 2072          2132    2190    2248       2308   2394   2454   2510   2570   2630   2688   2746   2806   2864   2922   2982   3040   3100
        4600 2148          2152    2212    2270       2332   2418   2478   2536   2598   2658   2718   2776   2836   2896   2954   3016   3076   3136
        4700 2168          2174    2234    2294       2354   2442   2504   2566   2624   2686   2746   2808   2866   2928   2988   3050   3108   3170
        4800 2188          2194    2256    2316       2378   2468   2530   2592   2654   2714   2774   2836   2898   2960   3020   3082   3144   3206
        4900     2216     2222     2286    2348       2410   2500   2564   2624   2686   2750   2812   2876   2938   2998   3062   3124   3186   3250
        5000 2264         2332     2334    2398       2462   2524   2588   2652   2714   2778   2840   2904   2968   3032   3096   3158   3220   3284
        5100 2284         2354     2356    2420       2486   2550   2614   2678   2742   2808   2872   2934   2998   3062   3128   3192   3256   3320
        5200 2304          2374    2378    2444       2508   2574   2640   2704   2770   2834   2900   2966   3030   3096   3162   3226   3292   3356
        5300 2324         2396     2400    2466       2532   2598   2664   2730   2796   2862   2928   2994   3060   3128   3194   3260   3326   3392
        5400 2344          2418    2422    2488       2556   2622   2690   2756   2824   2890   2960   3026   3094   3160   3228   3294   3360   3428
        5500 2364         2438     2511        2512   2580   2648   2714   2784   2852   2920   2988   3056   3124   3192   3260   3326   3394   3462
        5600 2384         2460     2533    2534       2604   2674   2742   2810   2880   2948   3016   3086   3154   3224   3292   3362   3430   3498
        5700 2412         2488     2561    2566       2636   2704   2774   2844   2916   2984   3054   3124   3192   3262   3334   3404   3472   3542
        5800 2432         2508     2583    2588       2660   2730   2800   2872   2942   3012   3082   3152   3226   3296   3366   3436   3506   3578
        5900 2452         2530     2605    2685       2682   2754   2824   2898   2968   3040   3114   3184   3256   3326   3400   3470   3542   3612
        6000     2472     2550     2627    2707       2706   2778   2852   2924   2996   3070   3142   3214   3286   3360   3432   3504   3578   3650
                  1000     1100     1200       1300   1400   1500   1600   1700   1800   1900   2000   2100   2200   2300   2400   2500   2600   2700




       258                         Prijslijst elementen
