Glasvliesgevel systeem
zipSCREEN F50
geëxtrudeerd

                                                                                                              Motor




 2800    2900   3000   3100   3200   3300   3400   3500
 1830    1860   1886   1912   1938   1964   1992   2018   1000   Meer of minder prijzen
                                                                 Minderprijs zonder geleider per zijde       -26,40/ St./m
 1868    1896   1922   1952   1978   2006   2032   2062   1100
                                                                 Somfy Maestria WT                             -130,00/St.
 1906    1934   1962   1992   2018   2046   2074   2104   1200
                                                                 Elero SunTop/Z, 23 omw/min                    -130,00/St.
 1940    1972   2000   2028   2060   2088   2118   2148   1300
                                                                 Becker S18 SMI, 17 omw/min                    234,00/ St.
 1978    2008   2038   2068   2098   2130   2160   2190   1400   Geiger draadloze motor SOLIDline ZIP AIR,      124,00/St.
 2016    2046   2076   2108   2138   2172   2202   2234   1500   zonder zender, Loxone Smart Home System
 2050    2084   2114   2148   2180   2212   2244   2278   1600
 2094    2128   2160   2194   2226   2260   2292   2328   1700
 2132    2164   2200   2234   2268   2302   2336   2370   1800
 2168    2202   2238   2272   2308   2344   2378   2414   1900
 2204    2240   2278   2312   2348   2384   2420   2456   2000
 2242    2278   2314   2352   2390   2424   2462   2500   2100
 2278    2316   2354   2392   2428   2466   2504   2542   2200
 2314    2354   2392   2432   2468   2508   2546   2586   2300
 2352    2392   2432   2470   2510   2548   2588   2626   2400
 2396    2436   2476   2516   2556   2598   2638   2678   2500
 2446    2488   2530   2572   2614   2654   2696   2736   2600
 2484    2526   2568   2612   2654   2696   2736   2780   2700
 2522    2564   2608   2652   2692   2736   2778   2822   2800
 2556    2600   2644   2688   2734   2778   2822   2866   2900
 2594    2638   2684   2728   2774   2818   2864   2908   3000
 2632    2676   2722   2768   2814   2860   2906   2952   3100
 2666    2714   2762   2808   2854   2902   2948   2994   3200
 2710    2758   2808   2854   2902   2950   2998   3044   3300
 2748    2796   2844   2894   2942   2992   3040   3088   3400
 2786    2834   2884   2932   2984   3032   3082   3130   3500
 2820    2872   2922   2972   3022   3074   3124   3174   3600
 2858    2908   2962   3012   3062   3116   3166   3216   3700
 2894    2946   2998   3052   3104   3154   3208   3260   3800
 2930    2984   3036   3092   3144   3196   3250   3304   3900
 2968    3020   3076   3130   3184   3238   3292   3346   4000
 3012    3066   3122   3176   3232   3286   3342   3396   4100
 3048    3104   3160   3216   3272   3328   3384   3440   4200
 3084    3142   3198   3256   3314   3368   3426   3482   4300
 3122    3180   3236   3296   3352   3410   3468   3526   4400
 3158    3216   3276   3334   3392   3452   3512   3568   4500
 3194    3254   3314   3372   3432   3494   3554   3612   4600
 3232    3292   3352   3412   3474   3534   3594   3654   4700
 3268    3328   3390   3452   3514   3576   3636   3698   4800
 3312    3374   3436   3498   3562   3624   3686   3748   4900
 3348    3412   3474   3538   3602   3666   3730   3822   5000
 3384    3450   3514   3578   3642   3708   3770   3864   5100
 3422    3488   3550   3616   3682   3746   3812          5200
 3458    3524   3590   3656   3722   3788                 5300
 3494    3562   3628   3696   3762   3830                 5400
 3532    3600   3668   3736   3804                        5500
 3568    3636   3704   3776   3844                        5600
 3612    3680   3752   3822                               5700
 3648    3718   3790   3862                               5800
 3686    3758   3828                                      5900
 3722    3796   3868                                      6000
  2800   2900   3000   3100   3200   3300   3400   3500




                                                                       Prijslijst elementen                           259
