2025




                                  Maximale maten voor insectenrolhor
        Elementhoogte in mm
                     Elementbreedte in mm


                   800    900      1000     1100   1200   1300   1400    1500   1600   1700     1800    1900     2000     2100     2200       2300
            800    703     710      721      738    761    788    804    825    846     883      898      933      946     966         993    1012

            900    707     716      727      744    775   796     812     837   860     895      912      943      956      976    1005       1024

        1000       715    724       743      784   799    822     854    883    898     927      948      969    1000     1020     1045       1066

        1100       743    754      777       794    817   842      874   905     924    947      980    1007     1034     1054     1079       1104

        1200       765     774      797      824   853    884     910    935    960     983     1010     1041    1062     1090         1119   1140

        1300       791    800      821      858    883     910    932    959    982    1011     1044    1065      1100    1126     1153       1178

        1400      805     822      843      880    907    932     966    991    1018   1045     1074     1117     1146    1168     1199       1228

        1500      833     848       873     902    929    958     990    1017   1042   1071     1110     1143     1166    1192     1225       1254

        1600      843     862      885       918   949    982    1018    1041   1064   1105     1124     1163     1196    1226     1257       1288

        1700       859    872      903      946     973   1002   1046    1075   1102   1123     1154     1193    1234     1264     1297       1326

        1800       877    892      931      960    997    1030   1066    1097   1118   1155     1188    1233     1270     1298     1329       1362

        1900       891    904      935      984    1021   1052   1088    1115   1140   1181     1220     1253    1288     1314     1351       1380

        2000       897    918      959      994    1031   1072   1102    1131   1166   1201     1238     1271    1308     1338     1371       1404

        2100       919    934       979     1010   1045   1082    1112   1149   1182   1213     1248     1283    1320     1352     1385       1418

        2200       931    944      987      1020   1059   1092    1124   1165   1198   1231     1264    1299     1332     1370     1405       1440

        2300       951    970     1007      1046   1081   1114   1150    1185   1222   1255     1292     1325    1360     1402     1437       1470

        2400       971    988      1031     1070   1103   1140    1176   1209   1246   1285     1318     1361    1398     1432     1467       1506

        2500       991   1012     1053      1090   1127   1164   1198    1239   1274   1313     1348    1393     1428     1464     1503       1542

        2600      1013   1030      1071     1110   1151   1186   1224    1263   1302   1339     1382     1421    1458     1498     1537       1574

        2700      1033   1052      1091     1136   1173   1212   1250    1289   1326   1367     1412     1451    1492     1530     1569       1608

        2800      1053   1074      1115     1156   1197   1236   1276    1315   1356   1401     1442    1483     1524     1564     1603       1644

        2900      1069   1092      1135     1174   1217   1260   1300    1341   1390   1431     1474     1513    1556     1594     1639       1676

        3000      1093    1116     1157     1202   1243   1284   1328    1375   1418   1461     1502    1545     1588     1630     1671       1714

        3100      1113   1134      1179     1224   1265   1308   1356    1401   1444   1487     1534     1575    1620     1660     1703       1748

        3200      1131   1152      1197     1246   1287   1334   1380    1427   1472   1515     1560    1609     1650     1694     1739       1788

        3300      1153    1174     1221     1264   1313   1362   1406    1453   1496   1545     1590

        3400      1173   1196      1241     1286   1341   1386   1434    1481   1524   1571     1618

        3500      1195   1216      1259     1310   1363   1412   1458    1509   1554   1603

        3600      1213   1236      1285     1338   1385   1436   1480    1529   1584   1629

        3700      1233   1256      1307     1360   1409   1460   1508    1557   1606

        3800      1253   1280      1331     1380   1435   1480   1532    1583   1634

        3900      1279   1306      1349     1406   1455   1508   1562    1611   1660

        4000      1297   1324      1375     1428   1481   1530   1584    1635

                   800    900     1000      1100   1200   1300   1400    1500   1600   1700     1800    1900     2000     2100     2200       2300

                                                                                   INTEGO.XP
                                                                                   Meerprijs voor uitvoering INTEGO                      26,40/St./m
                                                                                   (Stucvoorbereiding 8/15 mm, stucprofiel
                                                                                   25/30 mm en fries).
       70                        Prijslijst elementen                              (Lijstprijs element + 26,40/St./m elementbreedte)
