                                                                  Opbouwrolluiken (Inbouw)
                                                                  PURO 2.(K)
                                                                  PUR-hardschuimkast | revisie binnen

                                                                                                                            Motor RS100 io
                                                                                                                            incl. Smoove
                                                                                                                            RS100 io
                                                                                                                            standaard
                                                           ALUMINO 34                  ALUMINO 44                     ALUMINO 52

                                                                                                                      ALUMINO 37


      2000        2100         2200        2300         2400      2500        2600        2700         2800        2900         3000
      1002        1026         1054        1076         1102      1126        1150         1174        1200        1226         1248   800

      1028        1052         1078        1106         1130      1158        1180        1206         1232        1258         1284   900

      1050        1076         1102         1132        1156      1184        1212        1238         1264        1288         1316   1000

      1074        1100         1130         1156        1184      1214        1240        1266         1294        1324         1352   1100

      1094         1128        1158        1184         1212      1244        1270        1298         1328        1356        1386    1200

      1120         1150        1180        1210         1240      1272        1300        1332         1362        1390         1420   1300

      1146         1174        1206        1238         1266      1300        1332        1358         1390        1428         1456   1400

      1168         1198        1234        1266         1296      1330        1360        1390         1420        1456         1488   1500

      1190        1222         1260        1292         1322      1360        1390        1422         1454        1492         1520   1600

      1216        1250         1284         1318        1350      1388        1420        1456         1488        1522         1558   1700

      1238         1274        1312        1346         1380      1414        1448        1482         1518        1556         1590   1800   PURO 2/

      1264        1298         1336        1372         1410      1446        1480         1516        1548        1586         1624   1900   PURO 2.K

      1286        1324         1360        1398         1436      1476        1510        1546         1584        1622        1660    2000

      1310        1348         1390        1426         1462      1502        1540         1576        1616        1654        1692    2100

      1334        1372         1412        1452         1492      1532        1568        1606         1648        1688         1728   2200

      1358        1398         1440        1478         1518      1562        1600        1640         1678        1722         1760   2300

      1380        1422         1464        1508         1546      1586        1628        1670         1712        1756         1794   2400

      1406        1448         1488        1532         1574      1620        1660        1702         1746        1786        1830    2500

      1428        1472         1518        1560         1598      1648        1688        1732         1776        1818        1866    2600

      1452        1494         1540        1586         1628      1678        1720        1766         1810        1856        1896    2700

      1476        1522         1566        1608         1658      1702        1750        1796         1840        1888        1930    2800

      1500        1544         1594        1638         1688      1736        1780        1826         1872        1922        1968    2900

      1524        1570         1618        1666         1712      1762        1810        1858         1902        1950        2000    3000

      1546        1594         1644        1692         1742      1792        1840        1890         1936        1988        2036    3100

      1570        1618         1670         1718        1770      1820        1870         1918        1968        2018        2068    3200

      1596        1646         1698         1746        1798      1850        1900        1950         2000        2052         2104   3300

      1618        1668         1722        1772         1824      1878        1930        1982         2032                            3400

      1638        1696         1748        1802         1852      1910        1960        2016         2064                            3500

      1666        1720         1774        1828         1880      1936        1990        2042                                         3600

      1688         1742        1804        1850         1910      1966        2020                                                     3700

      1714        1768         1826        1880         1936      1996                                                                 3800
                                                                       Kastmaten
      1736        1792         1850        1906         1966      2026 Minderprijs 240 x 220 /                            -11,00/St./m 3900
                                                                       240 x 250_10mm buitenwand (PURO 2)
      1760        1818         1878        1936         1992           Minderprijs 230 x 250 (PURO 2.K)                 -11,00/St./m 4000
                                                                       Minderprijs 240 x 250_30 (PURO 2)                -5,00/St./m
      2000        2100         2200        2300         2400      2500 Minderprijs
                                                                              2600260 x 250  (PURO 2) 2800
                                                                                           2700                    2900 -5,00/St./m
                                                                                                                               3000
Meerprijzen
Meer-  en minderprijzen
             voor extra’svoor
                          en combi’s
                              extra’s en combi’s                       Meerprijs 360 x 250 / 360 x 280 (PURO 2)         +11,00/St./m
                                                                       Meerprijs 330 x250 / 330 x 280 (PURO 2.K)        +11,00/St./m
Aandrijfcombi van 2 elementen met 1 motor        -326,20/St.
                                                                       Meerprijs 420 x 250 / 420 x 280 (PURO 2)         +56,00/St./m
RS100 io incl. RS100 io Smoove. Minderprijs
Kastkoppeling van 2 elementen (per koppeling).     18,20/St.
Meerprijs
                                                                                     Prijslijst elementen                               111
