2025
                                 Comfort & Design lamellen


                                         CDL 70



                                                                              .XP element berekening
       Elementprijs met CDL 70

        Elementhoogte in mm
                                                                              prijstabel + 5% - € 8,40
                   Elementbreedte in mm


                800      900      1000    1100    1200   1300   1400   1500   1600    1700     1800     1900     2000     2100       2200    2300
         800    1136    1144      1168    1196    1224   1255   1283   1252   1276    1318     1340     1382     1402     1426       1458    1484

         900    1140    1158      1178    1202    1242   1271   1301   1270   1292    1340     1356     1402     1418     1448       1482    1504

        1000    1158    1174      1202    1244    1278   1319   1363   1326   1348    1394     1416     1446     1480     1508       1540    1570

        1100    1198    1214      1234    1268    1310   1343   1389   1360   1386    1416     1466     1490     1530     1558       1592    1626

        1200   1218     1232      1276    1316    1362   1399   1449   1406   1444    1474     1504     1548     1578     1608       1642    1678

        1300   1270     1282      1312    1366    1400   1447   1475   1446   1480    1516     1556     1582     1630     1670       1704    1736

        1400   1290     1308      1340    1398    1442   1473   1525   1484   1528    1562     1602     1656     1696     1728       1772    1810

        1500   1328     1346      1382    1432    1468   1515   1557   1528   1562    1604     1648     1696     1726     1766       1810    1842

        1600   1350     1364      1400    1452    1506   1547   1609   1572   1602    1642     1682     1728     1776     1816       1856   1900

        1700   1366     1386      1442    1500    1538   1587   1651   1622   1648    1688     1718     1780     1838     1876       1922   1964

        1800   1396     1424      1476    1528    1576   1627   1681   1652   1688    1736     1780     1842     1890     1936       1978    2018

        1900   1422     1444      1496    1562    1616   1673   1717   1688   1718    1780     1832     1876     1922     1966       2014   2054

        2000   1446     1470      1532    1594    1652   1703   1757   1728   1780    1838     1880     1936     1978     2020       2068    2118

        2100   1486     1508      1572    1622    1672   1735   1781   1762   1810    1856     1906     1956     1998     2048       2098    2148

        2200    1512    1536      1600    1652    1712   1765   1821   1810   1850   1900      1952     1998     2048     2100       2150    2194

        2300   1542     1572      1630    1694    1744   1805   1859   1842   1900    1944     1998     2042     2100     2156       2200   2256

        2400   1576     1602      1668    1732    1782   1841   1907   1884   1936    1994     2040     2100     2150     2200       2260   2304

        2500   1608     1640      1704    1760    1822   1879   1937   1930   1980   2034      2090     2148     2194     2256       2308   2354

        2600   1642     1666      1734    1798    1858   1919   1981   1966   2020   2080      2140     2192     2252     2304       2344    2374

        2700   1666     1702      1768    1830    1896   1959   2025   2008   2062    2128     2180     2246     2300     2338       2374   2404

        2800   1704     1732      1800    1870    1926   2001   2055   2054   2114    2168     2232     2288     2328     2364       2394    2420

        2900   1732     1766      1834    1902    1970   2029   2077   2090   2156   2222      2278     2322     2348     2382       2414   2442

        3000   1766     1800      1872    1938    2002   2069   2099   2134   2194   2262      2316     2346     2378     2412       2442    2476

        3100   1802     1830      1900    1974    2040   2085   2119   2178   2244   2300      2330     2366     2396     2430       2462   2496

        3200   1824     1868      1934    2004    2070   2107   2145   2218   2282    2326     2360     2392     2426     2458       2494    2528

        3300   1864     1896      1968    2042    2086   2125   2157   2230   2308   2344      2378     2414     2448     2480       2516   2550

        3400   1890     1930      2004    2064    2102   2139   2175   2252   2326   2364      2396     2432     2462     2498       2536   2566

        3500   1924     1958      2036    2084    2122   2159   2197   2274   2354   2390      2420     2458     2494     2528       2562    2724

                800      900      1000    1100    1200   1300   1400   1500   1600    1700     1800     1900     2000     2100       2200    2300




                                                                                 Opmerking:
                                                                                 De prijzen hebben betrekking op elementen met io-motor. De
                                                                                 prijs is inclusief roestvrijstalen schroeven, smoove io wandzen-
                                                                                 der en kast aan achterzijde gesloten.



                                                                                 INTEGO.P-RS

                                                                                 Meerprijs voor uitvoering INTEGO                     26,40/St./m
                                                                                 (Stucvoorbereiding 8/15 mm, stucprofiel
                                                                                 25/30 mm en fries).

       160                     Prijslijst elementen                              (Lijstprijs element + 26,40/St./m elementbreedte)
