2025

                                                             .XP Solar
       Solar niet mogelijk zonder 1 kanaals wand- of handzender

       Witte achtergrond: Standaard max. EH Grijze achtergrond: Grotere hoogten leiden tot minder bewegingscycli of verminderde werking bij weinig licht.

        Elementhoogte in mm
                      Elementbreedte in mm


                    800     900      1000    1100     1200     1300    1400     1500      1600     1700     1800     1900     2000      2100     2200       2300
            800   1006     1010      1019    1034     1054     1079    1094      1112     1131     1166     1178      1211    1222      1240     1265       1282

            900    1010    1016      1025    1040     1068     1087    1102      1124     1145     1178     1192     1221      1232     1250     1277       1294

        1000       1018    1024      1041    1080     1092     1113     1144     1170     1183     1210     1228     1247      1276     1294     1317       1336

        1100      1046     1054      1075    1090     1110     1133    1164      1192     1209     1230     1260     1285      1310     1328     1351       1374

        1200      1068     1074     1095     1120     1146     1175    1200      1222     1245     1266     1290     1319     1338      1364     1391       1410

        1300      1094     1100      1119    1154     1176     1201    1222      1246     1267     1294     1324     1343      1376     1400     1425       1448

        1400       1108    1122      1141    1176     1200     1223    1256      1278     1303     1328     1354     1395      1422     1442     1471       1498

        1500       1136    1148      1171    1198     1222     1249    1280     1304      1327     1354     1390     1421      1442     1466     1497       1524

        1600       1146    1162      1183    1214     1242     1273    1308      1328     1349     1388     1404     1441      1472     1500     1529       1558

        1700       1162     1172     1201    1242     1266     1293    1336     1362      1387     1406     1434     1471      1510     1538     1569       1596

        1800       1180    1192      1229    1256     1290     1321    1356     1384      1403     1438     1468      1511    1546      1572     1601       1632

        1900       1194    1204      1233    1280     1314     1343    1378     1402      1425     1464     1500     1531     1564      1588     1623       1650

        2000      1200     1218      1257    1290     1324     1363    1392      1418     1451     1484     1518     1549     1584      1612     1643       1674

        2100      1222     1234      1277    1306     1338     1373    1402     1436      1467     1496     1528     1561     1596      1626     1657       1688

        2200      1234     1244      1285    1316     1352     1383     1414     1452     1483     1514     1544     1577     1608      1644     1677       1710

        2300      1254     1270     1305     1342     1374     1405    1440      1472     1507     1538     1572     1603     1636      1676     1709       1740

        2400       1274    1288      1329    1366     1396     1431    1466     1496      1531     1568     1598     1639      1674     1706     1739       1776

        2500      1294     1312      1351    1386     1420     1455    1488      1526     1559     1596     1628     1671      1704     1738     1775       1812

        2600       1316    1330     1369     1406     1444     1477     1514    1550      1587     1622     1662     1699      1734     1772     1809       1844

        2700      1336     1352     1389     1432     1466     1503    1540      1576     1611     1650     1692     1729      1768     1804     1841       1878

        2800      1356     1374      1413    1452     1490     1527    1566     1602      1641     1684     1722     1761     1800      1838     1875       1914

        2900      1372     1392      1433    1470     1510     1551    1590      1628     1675     1714     1754     1791     1832      1868     1911       1946

        3000      1396      1416     1455    1498     1536     1575    1618     1662      1703     1744     1782     1823     1864      1904     1943       1984

                    800     900      1000    1100     1200     1300    1400     1500      1600     1700     1800     1900     2000      2100     2200       2300




                                                                       Eenheid      €
                  Adapter t.b.v. Somfy Solar                           St.     180,00
                  inc. verloopkabel voor RS100 Solar io
                  Artikelnummer: 3024760
                  Verlengkabelset voor externe module aansluiting      St.        64,00
                  (5 m, UV-bestendig 4515330)
                  Vervangingsaccu Somfy RS100 Solar io                 St.      220,00
                  3 Nm, 6 Nm & 10 Nm
                  Vervangingsaccu Somfy RS100 Solar io                 St.      440,00
                  15 Nm & 20 Nm




       72                          Prijslijst elementen
