                                                                      Schuine rolluiken
                                                                      TRENDO .XP/.P geëxtrudeerd
                                                                      RONDO | PENTO | QUADRO

                                                                                                                                            Motor RS100 io
                                                                      Tip:
                                                                                                                                            incl. Smoove
                                                                      De prijzen hebben betrekking op elementen met RS100 io
                                                                      incl. RS100 io Smoove en ALUMINO lamellen. De prijs is
                                                                                                                                            RS100 io
                                                                      incl. RVS schroeven, aandrukveren en achterplaat.                     standaard



Grenswaarden voor schuine rolluiken: 10° tot 45°       10° tot 42°      10° tot 38°     10° tot 35°      10° tot 31°    10° tot 27°      10° tot 22°

        1700            1800            1900             2000             2100            2200             2300            2400           2500
               946             960             989           1000             1018            1045             1062            1084              1103
     2290             2336            2378            2426             2468             2514            2560            2604            2648            900
               930             942              971           982              998            1025             1042            1062              1081
                978            996             1015          1044              1062            1085              1104            1126            1151
     2314             2366            2410            2456             2506             2548            2596            2642            2684            1000
               960             978             995           1024              1042            1063            1082              1102            1127
               998           1028            1053              1078            1096              1119            1142            1166            1189
     2348             2388            2440            2486             2534             2582            2634            2674            2726            1100
               980           1008            1033            1056                1074          1097              1118            1142            1163
            1034             1058              1087            1106              1132            1159            1178          1200            1223
     2372             2424            2468            2516             2570             2616            2662            2718            2762            1200

                                                                                                                                                                    TRENDO
               1014          1038            1065            1084                1108            1135            1154            1174            1197
            1062             1092              1111            1144              1168            1193            1216            1240            1267
     2400             2448            2504            2550             2602             2652            2708            2750            2802            1300
               1042            1070          1089              1120              1144            1167            1190            1214          1239
            1096               1122            1163            1190              1210          1239            1266            1290              1319
     2428             2482            2526            2582             2638             2682            2740            2792            2844            1400
               1074            1100            1139            1164              1184            1213          1238              1262          1289
               1122            1158            1189            1210            1234            1265              1292            1312          1343
     2456             2510            2566            2616             2666             2722            2774            2824            2880            1500
               1100            1134            1163            1184            1208              1237          1264            1284              1313
               1156            1172          1209              1240            1268              1297          1326            1348              1381
     2484             2536            2592            2646             2706             2754            2810            2864            2922            1600
               1132            1148            1183            1214              1240          1269            1296              1318          1349
               1174          1202            1239              1278            1306              1337          1364            1394              1421
     2512             2570            2622            2676             2734             2792            2846            2900            3004            1700
               1150            1176            1213          1250                1278            1307          1334              1362          1389
            1206             1236              1279            1314            1340            1369            1400              1428            1457
     2536             2596            2652            2712             2770             2822            2880            2982            3034            1800
               1180            1210            1251          1284                1310          1339            1368            1396              1423
               1232          1268            1299            1332              1356              1391            1418          1450              1481
     2568             2632            2682            2742             2800             2860            2960            3020            3078            1900
            1206               1240            1271          1302                1326          1359            1386              1416            1447
               1252          1286              1317          1352              1380              1411            1442            1478          1505
     2600             2652            2718            2774             2832             2934            2996            3054            3116            2000
            1226             1258            1289            1322              1350              1379            1410          1444              1471
            1264             1296            1329            1364              1394              1425            1456            1490            1523
     2636             2684            2744            2806             2908             2966            3030            3094            3154            2100
            1238             1268              1301          1334              1364            1393              1424          1456            1489
            1282               1312          1345              1376              1412          1445              1478          1508            1543
     2662             2722            2778            2880             2942             3006            3064            3128            3192            2200
            1254             1284              1315          1346              1380              1413          1444              1474            1507
            1306             1340              1371            1404            1444              1477          1508            1544              1577
     2700             2754            2858            2916             2970             3034            3102            3166            3230            2300
               1278            1310            1341            1374              1412          1443              1474          1508              1541
            1336             1366              1407            1442              1474            1507          1544              1578            1613
     2730             2830            2890            2954             3012             3078            3140            3206                            2400
            1306             1336              1375            1410              1440            1473          1508              1542            1575
            1364             1396              1439            1472            1506            1543            1580              1614          1649
     2806             2864            2926            2992             3048             3108            3172                                            2500
            1334             1366              1407          1438                1472            1507          1544              1576            1611
            1390             1430              1467          1502              1540              1577            1612          1648              1687
     2838             2898            2962            3026             3092             3152            3218                                            2600
            1360             1398              1433          1468              1504              1541            1574            1610            1647
               1418          1460              1497          1536                1572          1609            1646            1684              1721
     2868             2934            2998            3058             3126             3192                                                            2700
            1386               1426            1463          1500              1536              1571          1608            1644              1681
               1452          1490            1529            1568              1606            1643            1682              1720            1759
     2898             2966            3032            3100             3166                                                                             2800
               1420          1456              1493          1532              1568            1605              1642          1680              1717
               1482          1522            1559            1600              1636              1679            1714            1756            1797
     2934             3004            3070            3138                                                                                              2900
            1448             1486              1523          1562              1598            1639              1674            1714            1755
               1512          1550              1591          1632                1672            1711            1752            1792            1831
     2964             3032            3102                                                                                                              3000
               1478            1514          1553            1594              1632              1671            1710            1750            1787
        1700            1800            1900            2000              2100            2200            2300            2400            2500




                                                                                                   Prijslijst elementen                                       101
